  0.00000007498711799  0.00000010724801316  0.00000013179816708  0.00000015767744765
  0.00000018539120840  0.00000021645642360  0.00000025192952485  0.00000029357198346
  0.00000034385553767  0.00000040184869857  0.00000046994585931  0.00000054968865768
  0.00000064122993673  0.00000074531053972  0.00000086593681192  0.00000100688174365
  0.00000116762962016  0.00000135081218068  0.00000156144862724  0.00000180316053773
  0.00000208129177156  0.00000240611500255  0.00000278068635758  0.00000322963074447
  0.00000374138020309  0.00000436022376653  0.00000507651993804  0.00000595291246672
  0.00000701608701969  0.00000817401287052  0.00000946632899385  0.00001094807856992
  0.00001265203891241  0.00001471023876216  0.00001729794986696  0.00002027850634329
  0.00002361009218104  0.00002733375047244  0.00003162654950708  0.00003685572265181
  0.00004289248984162  0.00004965485761461  0.00005720656136852  0.00006589577387103
  0.00007542675309823  0.00008707253232944  0.00010077050802311  0.00011656539998695
  0.00013448825162425  0.00015573576435155  0.00018141437216664  0.00021123812060136
  0.00024536284357267  0.00028437985120447  0.00032947885762357  0.00038205209990471
  0.00044326009157648  0.00051314995035094  0.00059593013208206  0.00068753817388055
  0.00079380041807654  0.00091710754827294  0.00106486770965136  0.00124663408178359
  0.00145639410106007  0.00168885053228863  0.00195250915958552  0.00224833358766409
  0.00259310311949541  0.00302001195797020  0.00352741803955332  0.00406973923559547
  0.00467641090739601  0.00537333205379692  0.00623055491722065  0.00719364943965450
  0.00827883198195585  0.00965041152689082  0.01119475777723526  0.01293379734990042
  0.01491256731115555  0.01719742178976195  0.01978420347525601  0.02285533720126686
  0.02668227897145613  0.03102774358031972  0.03638284375270256  0.04257094049984627
  0.05001017234666243  0.05911844374899091  0.07179830087375244  0.09015788495536696
  0.12376064248652976  0.20798754365059452  0.49991839821435141  1.00000000000000000
  0.00044524493840944  0.00046282519748293  0.00049507962441103  0.00053908741428132
  0.00063828526765731  0.00076263085784725  0.00093414401608764  0.00104713154666355
  0.00111868496573381  0.00119265365581257  0.00125802100177881  0.00132747856609779
  0.00144506922481646  0.00159252267906635  0.00170970609732115  0.00182357341436807
  0.00195813114897041  0.00207181809556575  0.00218058005736063  0.00229233772430619
  0.00241245309272884  0.00255093200870714  0.00270804290335277  0.00288538372183405
  0.00309330605108707  0.00333117905133402  0.00360717897412976  0.00388851217829855
  0.00407576101623696  0.00430376131198533  0.00456727652268956  0.00480106235386704
  0.00506162698762547  0.00533798421411729  0.00561646586930196  0.00590638522299173
  0.00620944396283513  0.00650984417926033  0.00679803009466942  0.00709002432856560
  0.00737971583077595  0.00768510150891017  0.00801314423143619  0.00836173423792421
  0.00870407242251443  0.00906001250540221  0.00944503744835176  0.00987725530437333
  0.01032384629303135  0.01076812728457922  0.01126517105628497  0.01176080752358752
  0.01223881459737964  0.01271182553723552  0.01320432163607097  0.01368349513935873
  0.01416516905805850  0.01465351632820766  0.01513574541903152  0.01560866982840447
  0.01607783578071595  0.01655304785881875  0.01704864404660950  0.01757773063965030
  0.01813715574758751  0.01872596133414529  0.01939108462207720  0.02006441773402437
  0.02079592362811847  0.02156705895573012  0.02237366627643541  0.02325738002056676
  0.02422525919251250  0.02528285494254265  0.02645596098166668  0.02772832072017826
  0.02912930651863811  0.03068082712946442  0.03238918376223530  0.03430478647848745
  0.03649595826587790  0.03899421688673455  0.04185053181173400  0.04516537340562651
  0.04907037904867131  0.05373100728008670  0.05947473085602446  0.06690939108277302
  0.07656295899317687  0.08973981161354874  0.10865718183310143  0.13924519860179255
  0.19915466092470946  0.37100307241954478  0.70106173526891813  1.00000000000000000
 -0.00007493677495668  0.05986107362051113  0.11320443932113293  0.16213039711772273
  0.20467071733846109  0.24474390193802309  0.27612943276550234  0.30080523780597551
  0.32565509875592263  0.35237519189448407  0.37871341966564881  0.39853379666632172
  0.41528945349767710  0.42912086019267581  0.44288746544012197  0.45504237759531529
  0.46585978342507378  0.47604179066025593  0.48570319709554288  0.49472091139813085
  0.50284145671266212  0.51041092259177223  0.51765822454086552  0.52511284151071069
  0.53290494203999061  0.54117523418138735  0.54972352479108977  0.55812456953795575
  0.56595663256712470  0.57332114865974149  0.58060471668013425  0.58748463368214487
  0.59389174537974532  0.60018623414290784  0.60638360036609718  0.61257187724930529
  0.61873423574934150  0.62475181677771419  0.63056638394641529  0.63631273746995121
  0.64192965487227072  0.64773283240238955  0.65387398815044284  0.66010464679716940
  0.66639151952978593  0.67249474921935593  0.67858720127818084  0.68487581545427434
  0.69118250939988513  0.69739113849563117  0.70367847270659500  0.71011764330398275
  0.71651795759699699  0.72279579613167688  0.72900672618101670  0.73520831229096717
  0.74139109206029552  0.74757034297230052  0.75370108753543696  0.75989787577284584
  0.76604017724500117  0.77208245848598223  0.77799728696950710  0.78398411333818241
  0.79005026712225446  0.79623752689113081  0.80245243717931802  0.80870637998784722
  0.81508814389008843  0.82153382288039356  0.82797999277122059  0.83434205998139033
  0.84074872176302273  0.84721739279147568  0.85361381899300104  0.85990643088426655
  0.86626300602436668  0.87281991402115444  0.87963084163660821  0.88637161525305719
  0.89310668418599193  0.89980296376517421  0.90657766238695536  0.91335945511655503
  0.92030110037661317  0.92741255544035595  0.93456022314659337  0.94155664606738221
  0.94846514104719548  0.95545806229045682  0.96264832409389500  0.97018313330992634
  0.97754863732475272  0.98502326794562933  0.99238895484414258  1.00000000000000000
 -0.00245658708213417  0.00928886554566070  0.01949805610485742  0.02990415695955184
  0.04048173869317789  0.05090411710201354  0.06118920365599845  0.07129637875210705
  0.08155152152765174  0.09177630517448508  0.10165770702601536  0.11124136871332779
  0.12095987039272919  0.13106539807015699  0.14141905324716886  0.15138358292298418
  0.16110316670263888  0.17082409564879608  0.18059377591114198  0.19079599820252091
  0.20160378994489622  0.21240714764188667  0.22345918872029796  0.23494504388161203
  0.24755094527205429  0.25949211866101485  0.27101743899903930  0.28202349079874994
  0.29273026621910286  0.30301925228099202  0.31319258495807389  0.32407591934863916
  0.33496976682876090  0.34592950032326741  0.35625808421564908  0.36615248172806802
  0.37601629006715370  0.38568128015721903  0.39575514502270365  0.40614761144465544
  0.41677693182854536  0.42733603199145292  0.43784337367951892  0.44858634008942744
  0.45922952730212890  0.46934212622264060  0.47934160978609863  0.48971666959289256
  0.50006557972847498  0.51055736575737298  0.52080396436996157  0.53205079564365632
  0.54340985715699430  0.55460783987265405  0.56550761868501209  0.57658835131134456
  0.58771163707904273  0.59874874164752367  0.60957812400614730  0.62052275731383499
  0.63086760764045502  0.64087430998141648  0.65082364028654993  0.66121305133013109
  0.67184213290624761  0.68220945837646652  0.69235301693132034  0.70250160781210524
  0.71294542801285099  0.72324678876845949  0.73337314662226161  0.74368748904544024
  0.75462614597236999  0.76609775971948535  0.77720905710887944  0.78792779834944493
  0.79807791441804143  0.80887661710496639  0.82055163219269400  0.83176601846586440
  0.84208090516132172  0.85210744070981137  0.86318514592010964  0.87424549371432481
  0.88527812158414387  0.89611959781524209  0.90686415864690795  0.91743864924557716
  0.92757724010180664  0.93750675275866335  0.94761332187718073  0.95785618303251874
  0.96828363607909662  0.97866220097039047  0.98927236808183250  1.00000000000000000
 -0.00290232077316077  0.01047734890538463  0.02143022217533198  0.03167606038675035
  0.04210744089109355  0.05292633114707852  0.06392864695467930  0.07488259941538600
  0.08581922340633386  0.09695502752655061  0.10786996402041446  0.11850229081850706
  0.12885729460854148  0.13874111245036827  0.14834608190949231  0.15824714864663020
  0.16889565911988461  0.18014533430423812  0.19167029964589616  0.20334160728479150
  0.21503822136514339  0.22642127873816650  0.23726636815234997  0.24782355585197546
  0.25824644654578971  0.26854104369817638  0.27874975511234101  0.28895049681073087
  0.29927478871471830  0.30953618321005660  0.31980054090062154  0.33042056847422047
  0.34125275857599480  0.35180224214316153  0.36196208109790168  0.37208141895928759
  0.38238479836946854  0.39286566178160170  0.40338338560420850  0.41370058521753406
  0.42382801692763095  0.43419776600364490  0.44528788845310524  0.45687674726169869
  0.46842451677876024  0.47967825221401494  0.49046174352114785  0.50080175156156925
  0.51075110654035816  0.52071080373675305  0.53111038733312332  0.54161385607128942
  0.55199597432816094  0.56214452479309196  0.57205942813388211  0.58192141816499943
  0.59191166630109548  0.60207226369585864  0.61235451001286290  0.62287697376303730
  0.63398601803501375  0.64538151412193578  0.65654513933786518  0.66743876806550695
  0.67821692863795502  0.68900587034417471  0.69960219453549111  0.70999713565030420
  0.72034453724594916  0.73062709394606740  0.74072464325209120  0.75084804783624537
  0.76121130094216227  0.77170978777547017  0.78218822069814109  0.79240230213711049
  0.80269403700807995  0.81286084082816568  0.82306672267368042  0.83366088264437632
  0.84467818644208492  0.85570418768564416  0.86637388332817478  0.87661502442336536
  0.88661660947318321  0.89686185932527507  0.90717705502247958  0.91745283642482478
  0.92728871558970583  0.93729039780108014  0.94745634030200088  0.95753069694019532
  0.96737795122440839  0.97732671200811616  0.98835141497602852  1.00000000000000000
  0.12388942171343731       -1.0000000000000000     
 T T T T T T T T T T T T T T T T T T T T T T T T T T T T T T T T F F F F F F F F F F F F F F F F F F F F F F F F F F F F F F F F
  <DiscreteSampler_grid>
  grouped_processes
  1 # 1 for a reference and 2 for a running grid.
  10 # Attribute 'min_bin_probing_points' of the grid.
  1 # Attribute 'grid_mode' of the grid. 1=='default',2=='initialization'
  0.0000000000000000 # Attribute 'small_contrib_threshold' of the grid.
  0.5000000000000000 # Attribute 'damping_power' of the grid.
 # binID   n_entries weight   weight_sqr   abs_weight
    10   10   1.832043812371594E+011   1.037512684669497E+023   1.832043812371594E+011
  </DiscreteSampler_grid>
