  0.00000009264281308  0.00000010684949594  0.00000012824069153  0.00000015384128940
  0.00000018142793448  0.00000021452379985  0.00000025329447911  0.00000029655857626
  0.00000034529699754  0.00000040041746319  0.00000046691612987  0.00000054652430068
  0.00000063716406132  0.00000074052783818  0.00000085335857373  0.00000097526070002
  0.00000111281182998  0.00000127026130296  0.00000147872737842  0.00000175677706712
  0.00000207644223108  0.00000242711796605  0.00000280957656705  0.00000327419179788
  0.00000385674130533  0.00000458850080545  0.00000541786955378  0.00000632599012819
  0.00000733163073519  0.00000845854465527  0.00000972509119170  0.00001119569365589
  0.00001286930520673  0.00001486074565753  0.00001746099482855  0.00002055673482455
  0.00002406202402160  0.00002802017357057  0.00003236015660565  0.00003706859227528
  0.00004235877582505  0.00004843999892506  0.00005529273644034  0.00006295908523962
  0.00007291827339465  0.00008493974764843  0.00009907015849872  0.00011617578455783
  0.00013617798273407  0.00015868313141541  0.00018390840778354  0.00021259261905884
  0.00024567973776378  0.00028325204178173  0.00032537549166980  0.00037338161391439
  0.00042956056876524  0.00049577642254380  0.00057276893388075  0.00065975634924962
  0.00075753185728214  0.00086909408493470  0.00100030418981714  0.00115901726916148
  0.00134952065374604  0.00157508677684196  0.00185130538188228  0.00218414168646547
  0.00258046756339462  0.00300100572240600  0.00349215804633432  0.00407634885712029
  0.00468776059972355  0.00538720275935619  0.00629407248737001  0.00733472034660251
  0.00847232274112007  0.00967272998456343  0.01107716110555442  0.01267131275750081
  0.01445993634127844  0.01668107779368549  0.01937569103689221  0.02265931497657784
  0.02654260970319038  0.03103820191594872  0.03661219897473444  0.04349959220752179
  0.05194028257279779  0.06244240495372937  0.07588088661735359  0.09544081637951658
  0.13076703528960376  0.21426528631745334  0.50039057616207072  1.00000000000000000
  0.00154214859847956  0.00159623769953399  0.00165908769625949  0.00175020089631778
  0.00191480777616486  0.00204217528654732  0.00214515446119164  0.00225571879204293
  0.00235084290965022  0.00244815056250672  0.00255812359278344  0.00267670725818723
  0.00279860798175371  0.00291813608009007  0.00304053678909900  0.00316269424599599
  0.00329454071613449  0.00344453348547964  0.00357930828902228  0.00370792110387513
  0.00383704818433933  0.00398853481740217  0.00417669681986416  0.00438861394272139
  0.00460061554211743  0.00480079786209442  0.00500082257136834  0.00521675641997015
  0.00543739807596885  0.00565469976793432  0.00588253105472248  0.00612227973563790
  0.00636650025542513  0.00661267194883970  0.00687085138591809  0.00715698908099486
  0.00747641854584862  0.00782579510948499  0.00819884278541856  0.00858502327346207
  0.00897355740056990  0.00936439878707641  0.00975755822344895  0.01015616038283625
  0.01055944530407501  0.01096380160607173  0.01137410693424530  0.01179856594019120
  0.01223969105737628  0.01269107998517469  0.01314853445731794  0.01360732574622918
  0.01405548145273633  0.01449363641179274  0.01492016006697762  0.01535709298527839
  0.01577167884740048  0.01621041986828918  0.01666289663988502  0.01713011911642078
  0.01762404947760814  0.01813973642900410  0.01867454901546861  0.01925983330842842
  0.01986587753870204  0.02050254154283547  0.02117944109083357  0.02187302842091109
  0.02264108750319367  0.02344902097037669  0.02433427877178729  0.02528060534640740
  0.02629268510974343  0.02740495346165746  0.02862419288639107  0.02996791229722314
  0.03144699512753651  0.03305954896211984  0.03481475220600267  0.03679510052064559
  0.03904477686750125  0.04161817684265452  0.04459738361401207  0.04799074298082785
  0.05198721395102069  0.05673928320799447  0.06247785337592907  0.06960309191884820
  0.07867226102723535  0.09060861591012019  0.10904056498304328  0.13738448729866709
  0.18961970685374779  0.30083335159260116  0.69839264054974037  1.00000000000000000
 -0.01053796221270923  0.06353520096479084  0.12659655925446522  0.17130687001050610
  0.21142169885949053  0.24974831058586874  0.28079046104491751  0.31238152572033245
  0.34061463527843583  0.36362899290851752  0.37985979424558036  0.39440055203149482
  0.40777392312861294  0.42075569072914493  0.43376325916542807  0.44653394829884108
  0.45814462159987723  0.46807035805855823  0.47708534127985042  0.48603783254469829
  0.49492076970347237  0.50323998179145124  0.51085050382474684  0.51854720885170869
  0.52657854456181818  0.53512779161465662  0.54336757466774877  0.55065437537706452
  0.55772043820835937  0.56438453632342367  0.57102958809653925  0.57788949621066477
  0.58444707662230011  0.59059925252603995  0.59645770362968975  0.60231231423608433
  0.60804651668794873  0.61404312933584448  0.62031632639338941  0.62650859064580233
  0.63257443991905860  0.63856820926497937  0.64478913119723558  0.65134268679906326
  0.65801730832254890  0.66454449635762336  0.67094890821964748  0.67717324729348305
  0.68331650380803566  0.68967386432386169  0.69629759435930316  0.70307329868804547
  0.70988429678717169  0.71660435828506686  0.72322035965434484  0.72972109996961265
  0.73598944208520711  0.74217871500139121  0.74836265402036395  0.75442861835916997
  0.76045292967401112  0.76645695137595526  0.77248557894135417  0.77859163630172967
  0.78478747642088575  0.79115202836796628  0.79761709577133011  0.80407404053204456
  0.81049744202262353  0.81707804925775163  0.82375628862093042  0.83032718523279314
  0.83684430739832727  0.84344689614629464  0.85020624906023579  0.85708735681500237
  0.86393891199637940  0.87066035533680242  0.87720587098732650  0.88368715603044024
  0.89032753788584995  0.89730143335567270  0.90446228952936003  0.91152438544119196
  0.91843047045605197  0.92548828020615170  0.93255936425755004  0.93979216235946117
  0.94726471029541182  0.95476065960801304  0.96218741662163842  0.96951061357245460
  0.97698034635306497  0.98452833121586791  0.99233212318689179  1.00000000000000000
 -0.00216788799440105  0.00945513071385229  0.01964849047703095  0.03050186204133801
  0.04169854675785399  0.05202656830172255  0.06239627493174374  0.07314043188119725
  0.08387919779537163  0.09421513938717643  0.10493809178113885  0.11666258665404808
  0.12768367526537577  0.13843347085358715  0.14884217998954077  0.15950363735357126
  0.17007769809044682  0.18040160613618442  0.19096508784321117  0.20143876205707992
  0.21215828178229176  0.22306971374491130  0.23383031507570035  0.24429686179069607
  0.25486238093948094  0.26564851711868143  0.27661294519001672  0.28736306402721529
  0.29791632885782393  0.30847975049248005  0.31891373372815979  0.32919094082871941
  0.33929803791488228  0.34917522683641966  0.35901197059015727  0.36846049338427317
  0.37828084809512086  0.38871398152419911  0.39965936032959054  0.41059387352927534
  0.42127582112716605  0.43186275858284573  0.44253119888956111  0.45317166728732922
  0.46354243939673162  0.47365122411814864  0.48379285024328345  0.49437573701200460
  0.50540267225449909  0.51663361894327331  0.52816124868567194  0.53948337404561808
  0.55032218604149219  0.56091401143950625  0.57101068697976454  0.58106701177189790
  0.59098285122138561  0.60116159136046088  0.61154858896168574  0.62178153912107048
  0.63230533450549187  0.64251947463187198  0.65257797512710447  0.66238294059995695
  0.67214298241849402  0.68211154350615699  0.69205540841897029  0.70225203422611460
  0.71270697563205332  0.72359869638739782  0.73443168950896209  0.74525209163499184
  0.75577685539033346  0.76628247774079727  0.77690839789639576  0.78764803199873823
  0.79840103808132568  0.80887165263395000  0.81943365643774446  0.82984114807448972
  0.84010729203320123  0.85048043472378898  0.86108990943076880  0.87206603686222439
  0.88282401663378185  0.89376504692677294  0.90493991415859953  0.91620049335563225
  0.92692274743260861  0.93753779062046771  0.94803349062494879  0.95838628081925947
  0.96855127316594603  0.97880611679314899  0.98956511601832953  1.00000000000000000
 -0.00270835350698939  0.01022095278758556  0.02115417876100183  0.03162925282753024
  0.04199170077128006  0.05273442820324264  0.06354867269279031  0.07389448081316559
  0.08399272982238140  0.09414524819254007  0.10434894625648657  0.11430198567129944
  0.12435820574392498  0.13448151977011191  0.14464405426553276  0.15487650457071214
  0.16508975175614707  0.17552692614137139  0.18607746653370569  0.19671309160049408
  0.20727770405206875  0.21784402016016316  0.22824877330923840  0.23847549037193499
  0.24859961941690778  0.25871580958598772  0.26908183588610934  0.27957621714377923
  0.28995462908025127  0.29992247763662816  0.30970595521215422  0.31975020454899761
  0.33009653771791186  0.34013213581989954  0.35014415193366388  0.36036490158396867
  0.37088451397483757  0.38097907334193892  0.39103969889871371  0.40161082488265137
  0.41213856831138335  0.42276287348354952  0.43340105383136085  0.44500328128564304
  0.45691207758698432  0.46884541019976345  0.48068256229089890  0.49241215260450155
  0.50339452425535636  0.51415863052161836  0.52490581543076675  0.53583100040190212
  0.54662505381303206  0.55744862012206808  0.56824726632494316  0.57883846786785131
  0.58942234378257385  0.60008302474441977  0.61042579699127275  0.62059405573867010
  0.63087003052407853  0.64133071741993042  0.65179600354925671  0.66246995658050090
  0.67318556471859992  0.68362199801545021  0.69339277646296837  0.70301538346580639
  0.71282392736632505  0.72274267716293727  0.73281907421547854  0.74284329667316773
  0.75301481965958672  0.76388616796791975  0.77488043802123807  0.78594172768851756
  0.79697831207114012  0.80886120453698807  0.81980650228118279  0.83068962231205312
  0.84129255235719425  0.85158076603594990  0.86161019722667054  0.87143171722077073
  0.88164431427156198  0.89205787985093421  0.90265091042357459  0.91342694910911693
  0.92399366421444151  0.93462509299367558  0.94528752765477098  0.95606538200027436
  0.96640126367580992  0.97668523610078628  0.98806706126795518  1.00000000000000000
  0.11984301271439972       -1.0000000000000000     
 T T T T T T T T T T T T T T T T T T T T T T T T T T T T T T T T F F F F F F F F F F F F F F F F F F F F F F F F F F F F F F F F
  <DiscreteSampler_grid>
  grouped_processes
  1 # 1 for a reference and 2 for a running grid.
  10 # Attribute 'min_bin_probing_points' of the grid.
  1 # Attribute 'grid_mode' of the grid. 1=='default',2=='initialization'
  0.0000000000000000 # Attribute 'small_contrib_threshold' of the grid.
  0.5000000000000000 # Attribute 'damping_power' of the grid.
 # binID   n_entries weight   weight_sqr   abs_weight
    10   10   6.823352383780327E+011   2.977078502420115E+024   6.823352383780327E+011
  </DiscreteSampler_grid>
