  0.00357006589450059  0.00513836758951607  0.00614652329308688  0.00707459929548665
  0.00731766775310530  0.00756073621072394  0.00802136234040252  0.00847331720625019
  0.00873765352333915  0.00893493341855101  0.00911972957292846  0.00929794403518144
  0.00946024203785002  0.00961667077028130  0.00974948936337379  0.00987963973419235
  0.01000730788971953  0.01013461098458377  0.01026450336827662  0.01039978173191317
  0.01053994824635299  0.01068075996107494  0.01082097622475289  0.01096011012919701
  0.01110306027260528  0.01124901258687980  0.01139687725665219  0.01154660411598325
  0.01169953549917369  0.01185354107491545  0.01201240179094296  0.01217399916978490
  0.01233453759391386  0.01249531045226826  0.01265797906467940  0.01282315662242937
  0.01299428122756267  0.01316978115066551  0.01334966199533726  0.01353496914608525
  0.01372107654502802  0.01390918789397384  0.01409833794189028  0.01428740227215544
  0.01447589319634740  0.01468196903047678  0.01491191361315812  0.01517733024724548
  0.01543691854963967  0.01570772970410781  0.01598720852473728  0.01627163826791032
  0.01656694178807076  0.01686581043602827  0.01716940111785149  0.01747681422488301
  0.01779782941256780  0.01814683967662730  0.01854601133346435  0.01896922232381953
  0.01940583388082658  0.01985962060294544  0.02032656043258834  0.02080903058665609
  0.02130156975030030  0.02183042068525151  0.02243733376044228  0.02311170167165499
  0.02381487884298985  0.02453066508828367  0.02527176544083574  0.02603150211013422
  0.02685364128711015  0.02779994465280710  0.02882881502841134  0.02992801706501787
  0.03109817868854946  0.03234730621533870  0.03379160004444214  0.03544945981534006
  0.03724248969521730  0.03918422268422520  0.04151052655768749  0.04423016181362215
  0.04716331156177692  0.05083553610471912  0.05522400010715778  0.06035908423716479
  0.06715168959450538  0.07591986956549132  0.08874359079488581  0.10862473363883418
  0.14225722091998766  0.22126495130413162  0.69280948214353377  1.00000000000000000
  0.00050499333788757  0.00053746546246006  0.00057316524616442  0.00061237402658222
  0.00065409243544904  0.00069600533275337  0.00073694727614471  0.00078021359773081
  0.00082727906487800  0.00087354525060793  0.00091838378531535  0.00096285450312228
  0.00100887301788148  0.00105719508492888  0.00110462578194472  0.00115216364696727
  0.00120187762515776  0.00125847619817325  0.00131611540086187  0.00137299404845246
  0.00143772384187614  0.00150933511353465  0.00158467915034497  0.00166193104845929
  0.00173991938430560  0.00182128537467112  0.00190642465261103  0.00199268679136435
  0.00208322242932526  0.00217787539005522  0.00227449497415398  0.00237604726991389
  0.00248870924752942  0.00261356505819550  0.00274768616858864  0.00288779002543256
  0.00302368294025506  0.00317759977643155  0.00333433754775431  0.00348757411537348
  0.00365180874536973  0.00382268461109753  0.00399177202759209  0.00416206243030315
  0.00434311025293150  0.00453432821711538  0.00473852401474063  0.00496294904623438
  0.00520492356411004  0.00546116301073399  0.00573256898320114  0.00601949967162895
  0.00632425938038605  0.00664366873203964  0.00696503431085206  0.00729202947806102
  0.00763735627450887  0.00800289875593486  0.00839388987870471  0.00880335951739553
  0.00925502804160874  0.00976878992745049  0.01030683098086265  0.01087338542313944
  0.01146509584203840  0.01209717189526764  0.01276087846921834  0.01347020691635134
  0.01425313742713349  0.01512574090685031  0.01607300819441793  0.01708400369536811
  0.01817355112922958  0.01937578046881432  0.02073474108060277  0.02226151721792635
  0.02394356603953436  0.02578664541723512  0.02786339829970088  0.03023596032050787
  0.03288551444833325  0.03583868636424957  0.03929340976969183  0.04349902817360904
  0.04858824634507183  0.05458211042516075  0.06250616734850677  0.07272450864704094
  0.08655828560389202  0.10586157009666475  0.13450571485513979  0.18173791442276138
  0.25416011075313133  0.37332113731049876  0.65507191797607078  1.00000000000000000
 -0.00363880436830730  0.01310129408045353  0.02629027337479579  0.03931827010020258
  0.05106172941414290  0.06216855673716190  0.07177391159558304  0.08124472291176826
  0.09084783877670037  0.10066640137372743  0.11085197403236301  0.12117914095744843
  0.13219696265037073  0.14384469114592091  0.15510298329456523  0.16617862197798697
  0.17717342180546408  0.18789073782877155  0.19824753170920562  0.20851889142821309
  0.21894465072119890  0.22894169279175222  0.23895780811426315  0.24836917486111887
  0.25826833125198917  0.26842106205600419  0.27917055034051774  0.28969744825657123
  0.30009231751385934  0.31050401611017570  0.32053607071269069  0.33015382399256593
  0.33987506934327261  0.34980085796159799  0.36034626436857031  0.37084457569406892
  0.38164053138214016  0.39284452815853060  0.40345414285534986  0.41397293133910695
  0.42395889882383703  0.43410778601925870  0.44454801456829118  0.45459528853558734
  0.46470320459407871  0.47499240538146670  0.48543471085073675  0.49639202318834214
  0.50730707159906763  0.51837229728095535  0.52992497728617016  0.54108782534849242
  0.55143085607091002  0.56160042069612437  0.57165435286314559  0.58147894439661907
  0.59132812932333756  0.60107382524932662  0.61135086880656042  0.62150090126946678
  0.63212077678226852  0.64280258157241388  0.65286913183999618  0.66282411425200394
  0.67319155817119891  0.68378306755657547  0.69378600049895567  0.70360324881723380
  0.71314839858758061  0.72295224498163035  0.73307347188966576  0.74365181557588067
  0.75432934613532443  0.76508385323371775  0.77663667336958808  0.78914470061831699
  0.80136575986246827  0.81300244164146163  0.82371317209945893  0.83409693248309780
  0.84430664677269884  0.85402082685485570  0.86314580665235430  0.87191886312628286
  0.88185738150958859  0.89229460536859795  0.90272086656834805  0.91269633591005228
  0.92367639720400363  0.93502080717960778  0.94549709259529535  0.95594447808748184
  0.96744443472263630  0.97922714714612402  0.98942410367736167  1.00000000000000000
  0.10008143680699362  0.13487857811862436  0.15384721853065494  0.16776278440987594
  0.17907449175648782  0.18933855012205714  0.19810916999669848  0.20637683123063266
  0.21402138060223114  0.22127466698448325  0.22832356410710813  0.23485458619434149
  0.24116495818279257  0.24731321002585907  0.25338932608798781  0.25927385753701859
  0.26506838571966324  0.27074208289238566  0.27571022398567280  0.28070466209227735
  0.28545683122405274  0.29021035005968937  0.29492929688936342  0.29961700760832477
  0.30424100634094076  0.30884089127167369  0.31327053039519065  0.31752677040579630
  0.32162551615599211  0.32559498308091278  0.32956109658208571  0.33348944907037409
  0.33749684752490666  0.34148419135627966  0.34544787909241165  0.34940003958646970
  0.35331515617446324  0.35698646723494681  0.36058320153327700  0.36418469370505846
  0.36781333740381272  0.37143532081752911  0.37501448575351137  0.37823072276688213
  0.38152183743277929  0.38475526951015493  0.38791461561534257  0.39103128089515982
  0.39411880978022240  0.39707211207631576  0.39988733249053759  0.40269390307688763
  0.40547756716566175  0.40821379708766309  0.41092220452061484  0.41357922601951469
  0.41620517586784123  0.41891445237917230  0.42163398636698507  0.42432887493227617
  0.42704559335237663  0.42978579967458092  0.43254184912775739  0.43531099976501725
  0.43828593173406799  0.44160862184531230  0.44514085273373799  0.44889300376380087
  0.45285916659550324  0.45751143497387448  0.46373766665721816  0.47101194991952189
  0.47805896378922658  0.48597606032981144  0.49395979680135904  0.50261536454590638
  0.51125205996874357  0.52018368784870783  0.52965549934254297  0.53986222948400575
  0.55119703918427576  0.56404720745510639  0.57852035848675842  0.59489928354978761
  0.61321541348106612  0.63247633029091987  0.65243325268767116  0.66458284738449580
  0.67648851761692996  0.68895433842180631  0.70179692298639540  0.71891942360601468
  0.73398518183141714  0.75140474109527278  0.76543202227850504  1.00000000000000000
 -0.00341110574366108  0.01724296026729923  0.03481667882132619  0.05262951533996556
  0.07043206271039300  0.08853004219193136  0.10675933403632007  0.12611379074302326
  0.14306450094071685  0.15913486968370300  0.17396990820078323  0.18821739279206165
  0.20194724104142478  0.21437677021587814  0.22583552042299435  0.23750668800995858
  0.24903893248486950  0.26033113441949962  0.27127613682698570  0.28169136490946234
  0.29170588947215387  0.30137349362239990  0.31088690820692411  0.32007060225398631
  0.32885406360243358  0.33747420171694914  0.34587099309651809  0.35402516019101099
  0.36214936588486479  0.37037446098400612  0.37850300147036342  0.38608627538704626
  0.39358379391091675  0.40096034008853909  0.40818250023062569  0.41530926320667394
  0.42235895697393028  0.42939572008840443  0.43606732884514848  0.44298893774976411
  0.44989557218246223  0.45677127072958279  0.46364242622808460  0.47035147053470389
  0.47703213047708437  0.48377112791042992  0.49078193682970950  0.49758926816673127
  0.50450200908927545  0.51142329688462462  0.51827585857354552  0.52494521013025408
  0.53148254626226377  0.53810224671030193  0.54487150760128999  0.55164677795195149
  0.55833873854206173  0.56485959543074027  0.57128465791364158  0.57807986695759406
  0.58519463419661244  0.59281511269195941  0.60004456189197453  0.60739806479611513
  0.61480960686416430  0.62223515770360971  0.62982823010997113  0.63762241776470008
  0.64570854385912257  0.65420478525246684  0.66293081004925292  0.67156885336302752
  0.68007268011556909  0.68864990271559301  0.69776479045583817  0.70725380234177548
  0.71731080217284782  0.72741765243129641  0.73752543656480496  0.74782242052277048
  0.75912062701127647  0.77117188963933858  0.78344032437564481  0.79668057230378564
  0.81054718304155360  0.82442260059588013  0.83883469879691541  0.85410348547616755
  0.87081541461090162  0.88994521171257879  0.91042063552832420  0.93105556825238844
  0.94941959624173722  0.96644125926296520  0.98331785428954022  1.00000000000000000
   1.3007272690188124E-002  -1.0000000000000000     
 T T T T T T T T T T T T T T T T T T T T T T T T T T T T T T T T F F F F F F F F F F F F F F F F F F F F F F F F F F F F F F F F
  <DiscreteSampler_grid>
  grouped_processes
  1 # 1 for a reference and 2 for a running grid.
  10 # Attribute 'min_bin_probing_points' of the grid.
  1 # Attribute 'grid_mode' of the grid. 1=='default',2=='initialization'
  0.0000000000000000 # Attribute 'small_contrib_threshold' of the grid.
  0.5000000000000000 # Attribute 'damping_power' of the grid.
 # binID   n_entries weight   weight_sqr   abs_weight
    10   10   7.711615248586321E+009   3.600287680635726E+020   7.711615248586321E+009
  </DiscreteSampler_grid>
