  0.00525763230244207  0.00794056067939906  0.00837558867979100  0.00857328820326727
  0.00885288086052302  0.00915591839848735  0.00943871862341107  0.00959290342980540
  0.00971739132374142  0.00983482915286224  0.00995118815575170  0.01006641402231630
  0.01018180155104249  0.01030816857555751  0.01042859111576782  0.01055185749566689
  0.01067771442599959  0.01080498104887617  0.01093481012241825  0.01106699871376495
  0.01119972491624796  0.01133474448147341  0.01147068749791588  0.01160583696195111
  0.01174165090313772  0.01188426835511787  0.01203026949586116  0.01218048557108909
  0.01233246347559165  0.01248662234012599  0.01264252346511548  0.01280002408045801
  0.01295911972880805  0.01311911207585171  0.01328033235670830  0.01344209560976293
  0.01360947915468979  0.01378086997569079  0.01395730965086150  0.01413918421478229
  0.01432425593392195  0.01450652389000130  0.01469935490332516  0.01492406629355838
  0.01516446480781565  0.01540023360531888  0.01565275083606867  0.01591012497391214
  0.01617552959463750  0.01644842551587718  0.01672246925189968  0.01700057389187292
  0.01728758304687158  0.01758070670782235  0.01789073464936523  0.01824418683374482
  0.01863638187332608  0.01902785658620683  0.01942035350168847  0.01982271963128878
  0.02023575412969569  0.02066580449433837  0.02110868027678656  0.02157079509535505
  0.02204279570066621  0.02264090494026168  0.02325139942397168  0.02388678456260429
  0.02454541722983836  0.02522281297760925  0.02593763342645694  0.02670491155996055
  0.02759408956662247  0.02856293048797694  0.02957389814413722  0.03067721605229191
  0.03184390678598435  0.03309202124673852  0.03473247864291475  0.03639756761763266
  0.03818634213235162  0.04020162013946162  0.04268375543729661  0.04548045278426425
  0.04857212693770512  0.05250374462538222  0.05708378287554461  0.06251778590479885
  0.06921491804951348  0.07803350779359948  0.09026793644483046  0.10858132215819957
  0.14012580793158422  0.21210077625457596  0.70246786877309408  1.00000000000000000
  0.00017204038969764  0.00019499616877770  0.00022581415420016  0.00026262276116875
  0.00030352270290924  0.00034641411015170  0.00038905731819007  0.00042927158735622
  0.00047649924156567  0.00052920191616539  0.00058344458184306  0.00063733713371521
  0.00069142071270031  0.00074683551935525  0.00079664225736925  0.00084690937800336
  0.00090035265316932  0.00095251667908468  0.00100468727622030  0.00105456439924300
  0.00110817790854609  0.00116706657705630  0.00122948766676704  0.00129376355026674
  0.00135956005986988  0.00142574944745327  0.00149353735918071  0.00156318450074063
  0.00163934817516335  0.00172313274988679  0.00181292234312382  0.00190701329925534
  0.00199948518283423  0.00209276755978261  0.00218936523205852  0.00229441034342121
  0.00240565001113106  0.00251935390857002  0.00263473321648370  0.00275042092192922
  0.00287077803555848  0.00299425591120737  0.00312714644282219  0.00327471672033741
  0.00344207656926928  0.00362652327351396  0.00381752064623750  0.00400811701517045
  0.00420217182696147  0.00440624692598313  0.00461591198945175  0.00482850818144075
  0.00505870518312085  0.00530579594949078  0.00556232915741109  0.00583408685527283
  0.00612567954276652  0.00643974099248921  0.00677141314439247  0.00712373636060072
  0.00750174105623215  0.00790269419557897  0.00832634863895986  0.00878876325379881
  0.00930087213159969  0.00985765109028534  0.01046650771994926  0.01110591815334531
  0.01180609074332878  0.01260225709955784  0.01348322233841239  0.01441062452211854
  0.01539815119065261  0.01649503979286156  0.01774139289398639  0.01913507508546174
  0.02065078921976261  0.02224328186780713  0.02402413676076869  0.02600512144114408
  0.02836108617723644  0.03092444323002679  0.03401017163813447  0.03761762441807563
  0.04211372227468146  0.04752190308038078  0.05414042253341528  0.06265154630935807
  0.07415150983945716  0.08906049363829856  0.11230877026628056  0.15023059638182690
  0.21154298409270061  0.34304230422703041  0.66899551833738813  1.00000000000000000
 -0.00258027632899831  0.00927640769196448  0.02002608436220745  0.03064044724889185
  0.04138425011407407  0.05215604643883383  0.06302861543202044  0.07372041407320810
  0.08460716514822203  0.09596243984089867  0.10707698609028078  0.11784732574126794
  0.12816183429698150  0.13836797806796997  0.14844333003723709  0.15814974797066683
  0.16782908924124379  0.17823889638999738  0.18889000496220040  0.19942388739436562
  0.20997238287942790  0.22074041630362048  0.23149802759549562  0.24199678462865701
  0.25255981787743204  0.26346076819747372  0.27433467580781751  0.28517003578752742
  0.29615585538456973  0.30645169485001145  0.31613507410984520  0.32552419135515942
  0.33551629971698305  0.34577255009270319  0.35595675189202192  0.36552000040754268
  0.37536395555533497  0.38472353785115132  0.39459320293922007  0.40425176323570000
  0.41419421373667070  0.42458232044120309  0.43589842169362725  0.44735751095419024
  0.45821168139152368  0.46806283522114911  0.47794211557085964  0.48736157505674566
  0.49652424284607927  0.50594719707466351  0.51548285725708620  0.52541232152762152
  0.53576045120885485  0.54641273348539898  0.55743654439414370  0.56813080022872076
  0.57901400282401427  0.59023906008834803  0.60172612072252163  0.61260810726318993
  0.62324661986383689  0.63436877458872265  0.64585434556049182  0.65747012780231762
  0.66877987419373475  0.67990224507181218  0.69089404525429099  0.70135153463170519
  0.71174310342062974  0.72236553862677533  0.73341139497876129  0.74530293243606582
  0.75716741945429278  0.76886135041865511  0.77999427516577358  0.79079827047917572
  0.80159151936424755  0.81224534264340453  0.82252446728634732  0.83241131290154968
  0.84242905686475722  0.85275049017080140  0.86359412595571039  0.87437512171903820
  0.88502886609248121  0.89529673023894973  0.90570279275310439  0.91593154623733175
  0.92624106633260028  0.93646758005789932  0.94674130819871738  0.95703794999995162
  0.96753590239132448  0.97815808808244376  0.98893188263239384  1.00000000000000000
  0.09968426992937207  0.13506843429599621  0.15364365192949420  0.16678161582725085
  0.17746354517187413  0.18714854809181072  0.19587480939699869  0.20410779959231082
  0.21183153047493844  0.21919476323231471  0.22633060496040686  0.23294242682465022
  0.23905540698113129  0.24508357246037596  0.25085612286785153  0.25634549087009989
  0.26164458372074550  0.26676445100702428  0.27157594423518061  0.27621542176230379
  0.28083054975064331  0.28545839563952985  0.29000436948215697  0.29439565624635244
  0.29862616152200139  0.30273555882819342  0.30684241616751373  0.31098335172122954
  0.31506242169086585  0.31909338231955503  0.32310107476947264  0.32704601249695697
  0.33089421533142777  0.33458132218198061  0.33806312825091306  0.34143424175169218
  0.34483974664215289  0.34824780353476575  0.35176657636113523  0.35531020780425321
  0.35880233474116047  0.36223784658201624  0.36558915938066272  0.36875215487383400
  0.37191732615551021  0.37497478960831743  0.37796770109480865  0.38090017847818269
  0.38379925483165250  0.38663528394877222  0.38942397333104684  0.39221375253231022
  0.39497203707803130  0.39771647718015463  0.40040137940469162  0.40306247298141273
  0.40570099380943653  0.40831923789680075  0.41100203617467274  0.41369833669670331
  0.41639663399677268  0.41909779046918721  0.42177032742546500  0.42442157306352291
  0.42705552779727846  0.42971988373181735  0.43245543751565296  0.43529934023996908
  0.43868140999466043  0.44253478330702944  0.44672141449869718  0.45096249918604858
  0.45526822295156993  0.46004909770492558  0.46567580637496436  0.47199565993839127
  0.47922472878322836  0.48777247808588975  0.49657645615351975  0.50583379583559174
  0.51504021865381189  0.52457433891443284  0.53498773579272751  0.54719153691841094
  0.55928966621893583  0.57052520547132379  0.58185903020372676  0.59333757193721082
  0.60867343168280741  0.62754228146663138  0.64652151304912864  0.66798232269148661
  0.69094925967743626  0.71058427982347416  0.76453110527472667  1.00000000000000000
 -0.00389425221304243  0.02030882152926475  0.03933681869848878  0.05907244141726607
  0.07821439010513870  0.09671098910182598  0.11394855242661139  0.13040049743865265
  0.14644622324452555  0.16142449412034088  0.17680232170414678  0.19182027849432454
  0.20582145991311110  0.21900048010762491  0.23137523564275181  0.24302864588779680
  0.25432442596366328  0.26574118730610680  0.27671016742869092  0.28704640941808046
  0.29694128945438758  0.30676906005752486  0.31652872977008728  0.32611004471077271
  0.33549444822967128  0.34474199843529829  0.35362078109640971  0.36177108002423181
  0.36970713382340453  0.37737868986252610  0.38492278198384161  0.39232123432523419
  0.39961550827554054  0.40690926850183706  0.41418470272720570  0.42134908726437903
  0.42829874742062646  0.43513315211538317  0.44183881471791431  0.44852542437330567
  0.45523829425499290  0.46178173192085659  0.46813540906171813  0.47437867810986428
  0.48083319314564221  0.48746492203651942  0.49414428758541873  0.50088166573039750
  0.50770698528882707  0.51463827703872245  0.52139560030263277  0.52776378179637784
  0.53393528914908361  0.54015762279949509  0.54636245652331406  0.55281685457837637
  0.55937816773159443  0.56608226254302785  0.57286869416695696  0.57973609579417862
  0.58712979816908972  0.59537698021081109  0.60357861666841339  0.61169550954764906
  0.61985644462655043  0.62819684769825590  0.63675144545266360  0.64538941825857754
  0.65397867834971390  0.66264516392257644  0.67165826027054032  0.68123491590731522
  0.69072440830541637  0.70016370128404015  0.70956616219441104  0.71882997209320521
  0.72838138599525093  0.73914364589437509  0.75038005632929483  0.76275535212386303
  0.77415374065914899  0.78591257602066955  0.79792683689974142  0.81042833206306364
  0.82295829278410071  0.83599765450237984  0.84979498379982865  0.86369054483918684
  0.87794437493013111  0.89368179924981783  0.91186022130473399  0.92947399264796393
  0.94662976206238936  0.96393810275571967  0.98135657732034154  1.00000000000000000
   2.4773426230073402E-002  -1.0000000000000000     
 T T T T T T T T T T T T T T T T T T T T T T T T T T T T T T T T F F F F F F F F F F F F F F F F F F F F F F F F F F F F F F F F
  <DiscreteSampler_grid>
  grouped_processes
  1 # 1 for a reference and 2 for a running grid.
  10 # Attribute 'min_bin_probing_points' of the grid.
  1 # Attribute 'grid_mode' of the grid. 1=='default',2=='initialization'
  0.0000000000000000 # Attribute 'small_contrib_threshold' of the grid.
  0.5000000000000000 # Attribute 'damping_power' of the grid.
 # binID   n_entries weight   weight_sqr   abs_weight
    10   10   3.024776205066047E+009   4.259929736047378E+019   3.024776205066047E+009
  </DiscreteSampler_grid>
