  0.00000004816170096  0.00000011780535614  0.00000014372729261  0.00000017476492072
  0.00000020920241612  0.00000024665337375  0.00000028668316308  0.00000033008693173
  0.00000038073120810  0.00000043819713313  0.00000050548265681  0.00000058340393506
  0.00000067362818337  0.00000078028557439  0.00000091462888705  0.00000106961107457
  0.00000124125010393  0.00000143631622515  0.00000167852143629  0.00000195083901578
  0.00000225477260056  0.00000260430689860  0.00000301105649853  0.00000354149419228
  0.00000418675523775  0.00000492566579757  0.00000574512269833  0.00000665263708928
  0.00000768295917511  0.00000888481710566  0.00001027096785994  0.00001181664819606
  0.00001359922012211  0.00001571863541679  0.00001814032357696  0.00002090506778854
  0.00002410044246334  0.00002796271858340  0.00003255591615939  0.00003791369812335
  0.00004416578667379  0.00005116797601861  0.00005920112703170  0.00006830134551324
  0.00007906111586958  0.00009115873462713  0.00010490724322943  0.00012044837564472
  0.00013846915027581  0.00015899412699016  0.00018234640041658  0.00021080650750518
  0.00024491539684873  0.00028402229486809  0.00032798334958354  0.00037805966677093
  0.00043683220084699  0.00050649555635916  0.00058811941752316  0.00068282403335524
  0.00079243329560461  0.00092068323522175  0.00107056304475358  0.00124173341641239
  0.00143429799638229  0.00165248694982803  0.00191015269549362  0.00222095028961225
  0.00260099641784652  0.00305667327809437  0.00357662326806097  0.00415591812685179
  0.00479909120358344  0.00552771764299674  0.00639177977636351  0.00739563697452778
  0.00855942799061519  0.00990393237927198  0.01145041267393607  0.01320923588004282
  0.01519860431973504  0.01740789805198243  0.01991216382584557  0.02284717697781815
  0.02620978192792698  0.03029577403868667  0.03518658142652089  0.04129571007596031
  0.04883968011310404  0.05838452286728314  0.07095842496566712  0.08902586362751910
  0.12573031672965468  0.21125591221045950  0.50187805765710913  1.00000000000000000
  0.00081302198909400  0.00094646060521515  0.00103376660031416  0.00113384150611146
  0.00122687565137262  0.00129287018907883  0.00137361779394379  0.00148164687993850
  0.00159295770755175  0.00168370789191517  0.00176683941875200  0.00183762961822664
  0.00189199540356388  0.00202660442120925  0.00214656907635767  0.00224729658232933
  0.00233810596284364  0.00246970829552749  0.00260765589534606  0.00276126851310334
  0.00290164875279639  0.00302977476720489  0.00315764352809695  0.00329006918486280
  0.00344633713825229  0.00363439442408176  0.00383102758610605  0.00401270351042927
  0.00419425699023949  0.00439747157059582  0.00460881494301505  0.00481658275473722
  0.00502176754465434  0.00523793296085562  0.00547189818792155  0.00572919416677063
  0.00601612437347684  0.00632275955601098  0.00662814636652582  0.00693963424225809
  0.00725418781370592  0.00758504715667965  0.00790468089519797  0.00822418788804219
  0.00855128078704840  0.00891623805044884  0.00930947324628964  0.00974311557747878
  0.01023418332435491  0.01078344651197024  0.01133017913264013  0.01182775092438385
  0.01230363155734563  0.01276835016455246  0.01327503020170094  0.01379633255875668
  0.01430383303173982  0.01479055362579195  0.01525965776431729  0.01571935839560850
  0.01618051925247149  0.01665025823318490  0.01713064532396837  0.01767173886573253
  0.01823654142439724  0.01883982590299019  0.01948330448366781  0.02015638068445444
  0.02088741219807877  0.02166985360368610  0.02250543956715697  0.02340927971361194
  0.02438244140421112  0.02543712649956432  0.02657821112657412  0.02780630708466043
  0.02915196152264585  0.03063696207811947  0.03228574629048418  0.03415096588559102
  0.03626077994793997  0.03866492437374767  0.04143899115367033  0.04462267015422900
  0.04828432082519250  0.05265878648463201  0.05803279706109247  0.06475408831570703
  0.07333805566433224  0.08503570729724236  0.10249988828262378  0.12970748246145031
  0.18116990906677477  0.29649517267616032  0.70153507265805393  1.00000000000000000
  0.01857280193074737  0.03984860620286219  0.09686860697059271  0.15610724417988944
  0.20582620444636404  0.24283317635015886  0.27480850902495507  0.30532452825238116
  0.33419644202857540  0.35727342202373186  0.37957298250921701  0.39667158567109195
  0.41128157189812364  0.42336467199636102  0.43559607067042139  0.44701804362520947
  0.45830056288040472  0.46777969077024090  0.47629885840570269  0.48440980604670508
  0.49212163994952429  0.49984038917320434  0.50778771941308021  0.51581625265508901
  0.52413560795935810  0.53270874495795073  0.54084779542215766  0.54884132658863827
  0.55629645833958608  0.56366427707549527  0.57055367856093464  0.57750777790512742
  0.58457027410023243  0.59153868507589857  0.59835599438332732  0.60507314981995541
  0.61161397227602898  0.61837098559524950  0.62513000755767800  0.63192680912355792
  0.63855648872572579  0.64503303425108949  0.65147190505270469  0.65790780937737814
  0.66435970993047500  0.67073502324185630  0.67697001990696792  0.68315904608688571
  0.68939450412369463  0.69576753529635849  0.70233898328058697  0.70903291088234510
  0.71580964147796933  0.72208224834764967  0.72868890591771318  0.73473730901275769
  0.74081979774251971  0.74678031467081862  0.75285545207841198  0.75900938944782226
  0.76525451221043095  0.77136642539706413  0.77740024710907329  0.78340852879227596
  0.78951540223926830  0.79576820623348898  0.80206318126209208  0.80826888064926483
  0.81435284880377234  0.82040817766497298  0.82653833100455454  0.83275407320810557
  0.83902045494080857  0.84533453794617863  0.85168069855587025  0.85801381955127409
  0.86432380331730385  0.87063270748752064  0.87710800037065373  0.88380284124961872
  0.89065945688222026  0.89752862429046265  0.90444578315256274  0.91136068815158877
  0.91842406209732730  0.92567349699973800  0.93301345234594080  0.94040822323854589
  0.94776057762387145  0.95517197180639224  0.96238358300461346  0.96967839992722216
  0.97699299977125376  0.98451456145143768  0.99225615707093617  1.00000000000000000
 -0.00221883440776249  0.00886716530049370  0.01900937585649535  0.02913801276266496
  0.03945665819453412  0.04934048381287655  0.05911455780610972  0.06867753949288524
  0.07850000802662602  0.08856353859043734  0.09899947383063737  0.10889805919172658
  0.11864211750708248  0.12854012219589214  0.13900221177121441  0.14964345603679149
  0.16014364238197620  0.17044092205056924  0.18087489932256770  0.19121060499870204
  0.20198862700878450  0.21311346831948427  0.22430031553745775  0.23519026644190974
  0.24601056737829541  0.25687119445314599  0.26756651111734969  0.27819929680453176
  0.28927596396944955  0.30050496949365912  0.31094220084676921  0.32165944035493660
  0.33217490929544446  0.34226691265440429  0.35227789844591656  0.36263122018426791
  0.37336053971312572  0.38397080763512059  0.39439819141593269  0.40508055096443912
  0.41609800900116323  0.42720874346187854  0.43826718882199056  0.44885191778359501
  0.45930393091345434  0.46969164958635434  0.47986725278631948  0.49019073133896846
  0.50081116127633185  0.51221124496672499  0.52351457633608633  0.53446187872987960
  0.54498523063433391  0.55517615678625531  0.56545630127586777  0.57578579204673885
  0.58628360484137454  0.59733372582738908  0.60794886280258675  0.61843226589373257
  0.62874925056586684  0.63939936194646974  0.65011510043613296  0.66073432718478176
  0.67111239707835835  0.68219339854962302  0.69289895893098041  0.70404113162643134
  0.71484521954361790  0.72615594038096920  0.73741568429472815  0.74855635479291938
  0.75956633362666470  0.77080464082406441  0.78180627880646103  0.79265757575614915
  0.80349549503180895  0.81449333986060823  0.82546348905272959  0.83633596841617186
  0.84694183351085928  0.85722507518789881  0.86748917719420804  0.87780660319673776
  0.88808606323145411  0.89835506921997110  0.90860080359258888  0.91877017083809487
  0.92835955400392145  0.93784523062653569  0.94750228583526630  0.95740642990757652
  0.96776034158763935  0.97808429677777875  0.98887809655095349  1.00000000000000000
 -0.00231836617765099  0.00917348596485330  0.01914113583503770  0.02888387382487743
  0.03859646374167541  0.04821311124848959  0.05816261704115071  0.06852161391127343
  0.07940725073993161  0.09048320282448521  0.10141068429578337  0.11219994810238876
  0.12292216103068995  0.13348775574237534  0.14413402834839489  0.15487625610568581
  0.16603275714903712  0.17707747643577415  0.18798766136224446  0.19850938938837406
  0.20866107754718372  0.21841489532044522  0.22814481098210246  0.23785434247552423
  0.24748766227379154  0.25684030846832451  0.26640618708411523  0.27597860823233339
  0.28584990470001564  0.29535890913370688  0.30528900018899152  0.31499554465926566
  0.32488658987028468  0.33451868895529641  0.34500828472007922  0.35594433171456447
  0.36686898466233114  0.37767234806614414  0.38834257120714727  0.39904171278916573
  0.40941321991267204  0.41962512422832010  0.43005204305833117  0.44063653689380833
  0.45138234226239859  0.46218088242039701  0.47304072366384686  0.48381194419963214
  0.49433365939039997  0.50486120661872302  0.51550839251076774  0.52622208688201899
  0.53686486164773517  0.54753657459231797  0.55831223351163695  0.56912457486057677
  0.57996571452422385  0.59110439130471715  0.60236183239023899  0.61383575783408062
  0.62550345365133930  0.63698035769954320  0.64890645695488580  0.66121330137271384
  0.67332063936981812  0.68488178682427703  0.69598436683641440  0.70738947777454941
  0.71839297647672296  0.72923090139889546  0.74007374516308011  0.75076886645310459
  0.76179258543712691  0.77266479231434559  0.78342729492718266  0.79374555390343260
  0.80399307706980516  0.81432585993743178  0.82468264802304991  0.83509240347632041
  0.84540008598319449  0.85567892935022283  0.86599100241853788  0.87629990869672414
  0.88657524359591133  0.89678433478430253  0.90751786699001946  0.91825646843841535
  0.92907621400668527  0.93975586407450939  0.95041065129161606  0.96051287927130180
  0.97001884198445198  0.97961719765231470  0.98951809291810655  1.00000000000000000
  0.12007353139333903       -1.0000000000000000     
 T T T T T T T T T T T T T T T T T T T T T T T T T T T T T T T T F F F F F F F F F F F F F F F F F F F F F F F F F F F F F F F F
  <DiscreteSampler_grid>
  grouped_processes
  1 # 1 for a reference and 2 for a running grid.
  10 # Attribute 'min_bin_probing_points' of the grid.
  1 # Attribute 'grid_mode' of the grid. 1=='default',2=='initialization'
  0.0000000000000000 # Attribute 'small_contrib_threshold' of the grid.
  0.5000000000000000 # Attribute 'damping_power' of the grid.
 # binID   n_entries weight   weight_sqr   abs_weight
    10   10   8.258521224683933E+013   6.098166625362153E+028   8.258521224683933E+013
  </DiscreteSampler_grid>
