  0.00000005428896410  0.00000010481116453  0.00000012714127111  0.00000015167081767
  0.00000018009303670  0.00000021458286706  0.00000025562985811  0.00000030226110901
  0.00000035634386169  0.00000042251944055  0.00000050140998805  0.00000059426385390
  0.00000069833479274  0.00000081118569950  0.00000094244747868  0.00000108904838447
  0.00000126457388333  0.00000148317625397  0.00000174563256669  0.00000204572688601
  0.00000238494550252  0.00000276505514218  0.00000318963993427  0.00000366430448292
  0.00000423962880234  0.00000495503036793  0.00000579764555522  0.00000675520052379
  0.00000782272310497  0.00000903445637676  0.00001042934345221  0.00001212694008530
  0.00001414041170216  0.00001635952758073  0.00001878151896295  0.00002141967938876
  0.00002444871059867  0.00002810679373515  0.00003235287270378  0.00003728593549946
  0.00004300531853282  0.00004950845928323  0.00005687387131960  0.00006534107533723
  0.00007526469591759  0.00008690006317210  0.00010020560379093  0.00011555772409354
  0.00013418597775480  0.00015671557625697  0.00018382221057302  0.00021529390205876
  0.00025013481525173  0.00028858998784463  0.00033338923445163  0.00038253337611371
  0.00043796410702260  0.00050014850537618  0.00057678776001663  0.00066912995163465
  0.00078118227940400  0.00090888627464526  0.00105860998694370  0.00122837698274220
  0.00143514351451905  0.00167113878437347  0.00193968463036601  0.00225932520123857
  0.00264901466083052  0.00312159934515035  0.00367247826334288  0.00427107256783909
  0.00489018314830206  0.00558612539429123  0.00643822711742039  0.00745228291540650
  0.00870505500297709  0.01016490716090527  0.01174525864109468  0.01356378193888877
  0.01559365242560127  0.01790062903993553  0.02064693388393062  0.02382931518866345
  0.02756581235274152  0.03210658692502089  0.03731134984295052  0.04348542117727904
  0.05131757007937950  0.06123415257134614  0.07454321593611428  0.09311697721482581
  0.12745466627122676  0.21156085503183852  0.50011652169417298  1.00000000000000000
  0.00069585388902880  0.00088683316055819  0.00097413006467632  0.00105225960542167
  0.00112137422589162  0.00117761375242259  0.00123416807933640  0.00129252515311915
  0.00136007493723222  0.00142470282117318  0.00148613764734627  0.00155224571176928
  0.00163285219284920  0.00172575809641313  0.00182377833038636  0.00193668738561517
  0.00207576414450821  0.00222369987509864  0.00235418947027238  0.00248867432904721
  0.00269512486038184  0.00290293924621955  0.00303572394551690  0.00317712284317367
  0.00331228881138033  0.00344436533242839  0.00359267384197783  0.00377899484599012
  0.00400759360614355  0.00425448005487022  0.00449848675270401  0.00474591930865392
  0.00500565310668003  0.00526851569484715  0.00554281535652487  0.00581961588290162
  0.00610118334890308  0.00637896102281980  0.00664869650288859  0.00691923801274555
  0.00720604044600136  0.00751584532611495  0.00785299704682110  0.00823126764829823
  0.00861085858107168  0.00898813250606036  0.00939203416933459  0.00980858493589093
  0.01025296820429461  0.01072168273009412  0.01122339165147454  0.01175221979981476
  0.01227411977513116  0.01278819283644434  0.01329523281584891  0.01379418920485070
  0.01427693754755798  0.01474425138413885  0.01521904620253361  0.01568304673716710
  0.01615472507896264  0.01664508389757895  0.01714592302644099  0.01769804673395201
  0.01826687624955033  0.01886424042930024  0.01950079109969954  0.02017295937236366
  0.02088930916770549  0.02164671526109698  0.02245557172410880  0.02334026429428944
  0.02430073274217168  0.02533135596828338  0.02645621597581529  0.02769675932557112
  0.02907271632517673  0.03061816935908722  0.03232178710497313  0.03419127703647259
  0.03628693969465606  0.03872481705332281  0.04152841380908288  0.04471585313640730
  0.04833649475103610  0.05266836876976214  0.05808252018015545  0.06493022510515080
  0.07386942125814538  0.08563088647836205  0.10295044698823802  0.12937239914474619
  0.17868000777295601  0.29406911785322493  0.70736654586176850  1.00000000000000000
 -0.01022758164289500  0.05738637587407425  0.11811716852924438  0.17254723355718760
  0.21479607917602689  0.24964041663977019  0.28812983570643236  0.31979734519795100
  0.34286210214919899  0.35979116805237249  0.37702220991659102  0.39398218763446108
  0.41215780879844793  0.43022301929118217  0.44407790583409457  0.45611628189326625
  0.46766985812657808  0.47830856480342321  0.48751094001018225  0.49563180162638709
  0.50327569530433558  0.51080132632667885  0.51811390514633560  0.52546744760011010
  0.53233798190820925  0.53958238255159119  0.54663247927776171  0.55385995256566467
  0.56056247428734496  0.56725077337332819  0.57388872029523719  0.58045905708598744
  0.58679812670800013  0.59282491211881183  0.59870024729537696  0.60466324759981460
  0.61070756391857062  0.61682615409602704  0.62314578846779523  0.62946685727403884
  0.63582524458639444  0.64223562320389083  0.64871046123071363  0.65515198969636557
  0.66142360756636032  0.66766929599220581  0.67404704407406801  0.68077587544596541
  0.68767188587601757  0.69440548384960543  0.70097330523196077  0.70739536474049847
  0.71363309516160245  0.71990733371266180  0.72626707530852863  0.73267865298032275
  0.73916007843933829  0.74535327949220709  0.75155020337135758  0.75774065142448821
  0.76407670724161680  0.77052113125487409  0.77705529740932222  0.78357397539822604
  0.78996733219030979  0.79633489240923649  0.80277645297925426  0.80939779557199953
  0.81612383025583612  0.82272548208686369  0.82924576289541652  0.83551621012673061
  0.84172594911885279  0.84788698315852118  0.85427218349013068  0.86088389434176482
  0.86761989246023163  0.87432877702768008  0.88101004327491061  0.88774480330270988
  0.89456827202868339  0.90138215438985581  0.90815661612622900  0.91471050807921495
  0.92171406744867979  0.92892342941580164  0.93623697671973349  0.94350218829236399
  0.95066816625282791  0.95780676860472025  0.96488522917225472  0.97202713227125859
  0.97915253736089625  0.98607546798662005  0.99295568321499483  1.00000000000000000
 -0.00227545261391793  0.00927025508352970  0.01900880129525388  0.02919549415425826
  0.03958580691267063  0.05055610595938696  0.06179718423466809  0.07261112373941227
  0.08321677144519993  0.09333850183997046  0.10328810158545462  0.11343893000062455
  0.12397322071587638  0.13435989753256819  0.14440822241161660  0.15467179585798355
  0.16498285146198324  0.17496692163104535  0.18502501772268440  0.19523839010322083
  0.20601082581738017  0.21692475324176688  0.22785952431443743  0.23822572810217671
  0.24851082068224253  0.25894023552054374  0.26945850491100648  0.27961426727731553
  0.28994780069943021  0.30047742901266061  0.31112108926687254  0.32197629861416921
  0.33305372826491864  0.34421364953001476  0.35515726644976919  0.36623434096847629
  0.37734768964270288  0.38843569278602391  0.39970289531569203  0.41161674852547042
  0.42302977287129900  0.43408926114552504  0.44485979370367873  0.45548962598864445
  0.46530988755318886  0.47489909561389387  0.48479683680561397  0.49491409612164727
  0.50510194607361147  0.51502613636141559  0.52481196691423471  0.53482132128937787
  0.54473820423565478  0.55455773208427606  0.56394011720649073  0.57413030190414338
  0.58463237262186785  0.59553071891443199  0.60632011940543407  0.61693278293747833
  0.62761282927930617  0.63837230516921817  0.64907563735514306  0.65928755835464858
  0.66930824813419643  0.67950557009360135  0.69018831287555726  0.70101307788562317
  0.71201309711245142  0.72304249601203496  0.73380877872586892  0.74452696247465744
  0.75506220561249449  0.76555893632214567  0.77607043996323033  0.78691398813737823
  0.79769898786771409  0.80811395545006148  0.81849264661415200  0.82891305022836881
  0.83980720016429233  0.85088533126396282  0.86219547780655992  0.87368288390312931
  0.88522824934704303  0.89624180903187523  0.90656482416636697  0.91680922325885794
  0.92706352453236940  0.93737395060584539  0.94762392293380582  0.95815768477182772
  0.96890912945946817  0.97926724482773786  0.98961691283314623  1.00000000000000000
 -0.00264367310648593  0.01146565793962903  0.02231780216767961  0.03357884891728644
  0.04471896667103840  0.05587137982358115  0.06714929913617688  0.07795002861975700
  0.08832753829798151  0.09880794183496851  0.10919442331409256  0.11946405748909934
  0.12943523307249707  0.13961755191465550  0.15052091528868616  0.16183283170983603
  0.17299429221620571  0.18367673623726272  0.19409012842687304  0.20465187713491959
  0.21529999196570160  0.22588390064456468  0.23665040679297461  0.24754861205096421
  0.25806307800553852  0.26817156209181092  0.27829121844680205  0.28852476556513346
  0.29872797993367772  0.30869615426402441  0.31870816291625270  0.32862927472806924
  0.33861074466036378  0.34877780231056643  0.35921612260334795  0.36943659510822097
  0.37968566437933815  0.38995071805405240  0.40042806233242778  0.41133263950698290
  0.42238175927726812  0.43362917457662947  0.44437194154871773  0.45524283465279358
  0.46585721389136986  0.47676353311011721  0.48805564800106899  0.49949596738582819
  0.51003411231145723  0.52084789370081874  0.53126308448277304  0.54149793230080490
  0.55174150048487824  0.56213220602571456  0.57290040846868207  0.58405138226361708
  0.59581099457436526  0.60720347977391365  0.61766097658246633  0.62782752567916100
  0.63793171970011475  0.64806147197915787  0.65791209376820559  0.66829422683598594
  0.67883147592257853  0.68928061460593193  0.69967505405236274  0.71035305134845672
  0.72160444382536504  0.73290871101743826  0.74372682526870093  0.75447523199582334
  0.76517297786333638  0.77591585102211180  0.78638784177225196  0.79667110731794688
  0.80667958471651369  0.81685647582150012  0.82724436011061064  0.83790772250736811
  0.84864791005328333  0.85897504407056269  0.86917808404422914  0.87911558007338586
  0.88922772004466244  0.89928806430688746  0.90962393252751517  0.91970288150993862
  0.93028529423573869  0.94081705736387589  0.95106083465807822  0.96087859800665154
  0.97024297961294470  0.97986997447943758  0.98977799034838210  1.00000000000000000
  0.12172592686232649       -1.0000000000000000     
 T T T T T T T T T T T T T T T T T T T T T T T T T T T T T T T T F F F F F F F F F F F F F F F F F F F F F F F F F F F F F F F F
  <DiscreteSampler_grid>
  grouped_processes
  1 # 1 for a reference and 2 for a running grid.
  10 # Attribute 'min_bin_probing_points' of the grid.
  1 # Attribute 'grid_mode' of the grid. 1=='default',2=='initialization'
  0.0000000000000000 # Attribute 'small_contrib_threshold' of the grid.
  0.5000000000000000 # Attribute 'damping_power' of the grid.
 # binID   n_entries weight   weight_sqr   abs_weight
    10   10   3.726487047368134E+011   1.004626756135587E+024   3.726487047368134E+011
  </DiscreteSampler_grid>
