  0.00545753954216792  0.00971754860282675  0.00986482949542463  0.01000780081449154
  0.01014446229781945  0.01027475198746781  0.01040084748906478  0.01052535141643365
  0.01064915794923637  0.01077259582665645  0.01089515796212511  0.01102322836596703
  0.01115039106234833  0.01127648790271893  0.01140178493619766  0.01152717098398978
  0.01165573390425387  0.01178684560698966  0.01191831079981591  0.01205466797677648
  0.01219613331970630  0.01234003838472187  0.01248631976440754  0.01263088616912226
  0.01277836255964864  0.01292569445461879  0.01307138507417841  0.01321662232777683
  0.01336512945960537  0.01351432374910543  0.01366754566933931  0.01382486273718714
  0.01398491218001404  0.01414752800802760  0.01431383369265370  0.01448016509360728
  0.01464886111596075  0.01485015137385622  0.01506357753857121  0.01528220053007546
  0.01550316467204238  0.01572483055032800  0.01594645428902126  0.01617132189017208
  0.01640090006756979  0.01664000797923985  0.01688593980244891  0.01713681653216253
  0.01738893694040667  0.01764649079803978  0.01792064638719735  0.01822578595143282
  0.01858760534484188  0.01894735397659473  0.01931140774149442  0.01967872219759569
  0.02005918100906168  0.02045700765311373  0.02087087401938150  0.02130840671436641
  0.02173666034777522  0.02225052915409729  0.02281624232373193  0.02339056754096724
  0.02397596777595281  0.02458663182843553  0.02522931027451136  0.02589170109008967
  0.02657943557742725  0.02737091888313026  0.02825587557186562  0.02914111995248455
  0.03007512130817937  0.03104617840234540  0.03204861421474294  0.03323605132513902
  0.03461774156631873  0.03612468782769269  0.03772114862482547  0.03937598779222785
  0.04145610881277355  0.04386360480279680  0.04645513309699613  0.04931933312302594
  0.05307986119931606  0.05718889318320370  0.06215934046320946  0.06820920546630778
  0.07551850069432993  0.08569610389856669  0.09945363178517515  0.12025021489838805
  0.15858090004349817  0.24573902807374448  0.71587813891853580  1.00000000000000000
  0.00040689484154539  0.00043704240878783  0.00046196299231721  0.00049091414307068
  0.00053979335673020  0.00058238506001433  0.00062740519520197  0.00067559000711915
  0.00072590629296791  0.00077739450331232  0.00082711961665760  0.00087826392566462
  0.00092745668212463  0.00097618843479712  0.00102474246530222  0.00107172833926443
  0.00111839225085335  0.00117205097911851  0.00122632381998815  0.00128489373811293
  0.00134736627025750  0.00141327601209653  0.00148142784656895  0.00155000636991892
  0.00161872895893672  0.00168811254066371  0.00175886923840474  0.00182889203633109
  0.00189963808769107  0.00197228260564424  0.00204758455227971  0.00212832387546355
  0.00221535300106055  0.00230907897392861  0.00241261516616523  0.00252694536379002
  0.00264754081381306  0.00276380208526337  0.00288475021896412  0.00301116685997436
  0.00314684941561269  0.00328945107159021  0.00343400489493963  0.00358744349058720
  0.00375546644914548  0.00393297805119462  0.00411178035367813  0.00432933566180975
  0.00455799315743066  0.00478907995206447  0.00502518345923606  0.00526913036901030
  0.00552255593386238  0.00578274527200897  0.00604799886378777  0.00632683719425199
  0.00663101157851160  0.00695716117188434  0.00732170082787334  0.00772413175792139
  0.00815094066058601  0.00860708050732165  0.00910057471038179  0.00961294733308008
  0.01016353681058221  0.01074585771077657  0.01136588630623079  0.01204277385804975
  0.01278273175626773  0.01361310821296592  0.01452384837568028  0.01545794789244886
  0.01644876543322562  0.01753692748456565  0.01875254727935106  0.02015148207916202
  0.02169003865404694  0.02335552446841720  0.02520018539852537  0.02728431984600847
  0.02976678450172731  0.03271646874881987  0.03613068854066842  0.03995166090669219
  0.04418699210577485  0.04914861632671229  0.05552998778839188  0.06403725372847512
  0.07520910103158439  0.09003623341135360  0.11368063351087943  0.15404358389532316
  0.22151817196271978  0.36364166281045929  0.66596932640796147  1.00000000000000000
 -0.00303272241005724  0.01128933199392535  0.02271903834134622  0.03390078553251611
  0.04478955107777007  0.05560342812091200  0.06653478309439827  0.07727026676231241
  0.08746881921196467  0.09741406692230960  0.10765867591500554  0.11797962985595498
  0.12840695115823794  0.13848900543075593  0.14940027717055493  0.16116158619913246
  0.17255328473240270  0.18336725958390102  0.19392160843586345  0.20462341855933458
  0.21545524004541011  0.22629165404967008  0.23791964213749212  0.24973619740583095
  0.26116848001677145  0.27243084606827761  0.28341767580599092  0.29409453018353315
  0.30429332895789002  0.31471480062397700  0.32588190827613461  0.33785917511920971
  0.35035095851998338  0.36201588434151805  0.37289943044783513  0.38386997841489845
  0.39458556351009005  0.40499191475563590  0.41509426778636921  0.42599394979778482
  0.43718047313080521  0.44726131672169389  0.45732803116718362  0.46701335113955289
  0.47660340029074028  0.48620070965444623  0.49576979120325193  0.50571313825240027
  0.51597947113691600  0.52665184143859423  0.53811763002387858  0.54888636788508516
  0.55926982578022832  0.56886769152836247  0.57787176497373538  0.58693588371279559
  0.59605043144664749  0.60554241430460665  0.61530692462897008  0.62515225918530304
  0.63530651942194383  0.64578773882223195  0.65608290221207755  0.66610436180299448
  0.67580552972956509  0.68550109921146185  0.69537123240268472  0.70526846663512066
  0.71490408865738797  0.72460519996562034  0.73440097501695001  0.74435362616634937
  0.75429430550658971  0.76420424715790103  0.77444735489430561  0.78551201279794425
  0.79669745829931948  0.80795168678406393  0.81857553610879619  0.82878352401148558
  0.83926923126779307  0.85006501581387839  0.86057096070891292  0.87050149009412925
  0.88109708202110104  0.89243782510856495  0.90354226630854073  0.91427202127259366
  0.92468610590188871  0.93497145545059235  0.94542331934048274  0.95568697039982486
  0.96606526045472230  0.97665288634847602  0.98802675853607513  1.00000000000000000
  0.09983729943667215  0.13601197426886333  0.15380107888318523  0.16792727374124558
  0.18030836055434105  0.19129136518050238  0.20100441062645261  0.21012496942544934
  0.21857848543610917  0.22654971325670892  0.23403856844996995  0.24086994125034689
  0.24772235793759584  0.25398195550634478  0.25997639597889799  0.26588782309365144
  0.27137745642703504  0.27642721055298219  0.28129475896403955  0.28620048936241704
  0.29107938488176743  0.29555758512070418  0.30015732013973467  0.30460157508878238
  0.30900933672860542  0.31314708793567647  0.31713426105944659  0.32103458573493338
  0.32489922975343222  0.32874295091167111  0.33260174703730710  0.33634315765925177
  0.34007753329499812  0.34384094363801360  0.34762680742167501  0.35141770252162047
  0.35512146526685928  0.35871870087508334  0.36220938430462729  0.36566051367790575
  0.36915372407005892  0.37257586259661768  0.37580604282279523  0.37883519282846861
  0.38185821520685009  0.38490920435051373  0.38793094359595798  0.39081736093670505
  0.39375653878061090  0.39659264486232165  0.39931220093062608  0.40199835630962277
  0.40460942229975050  0.40716627460450200  0.40971631826240618  0.41221515285081584
  0.41468500746053905  0.41714981315822058  0.41960733567662706  0.42210847130476981
  0.42460785608295942  0.42708273183766227  0.42957933910713936  0.43216401348855854
  0.43489501513421230  0.43784258814920513  0.44096628188810516  0.44411712155616168
  0.44737537550519485  0.45093825551557465  0.45497748279889766  0.45982267511146752
  0.46527928248414330  0.47122703346065797  0.47661702388055532  0.48336340603379924
  0.49069391994985706  0.49914325178739821  0.50815546871526784  0.51706553340636208
  0.52677951334975670  0.53775255136136624  0.54964239719138952  0.56304355531316352
  0.57799929696900354  0.59418761586869295  0.61120049412442301  0.62682985278315906
  0.64105239177135231  0.65730454363360458  0.67674894177956701  0.69755003995074871
  0.71849074965841020  0.74379112633270994  0.77154385399756242  1.00000000000000000
 -0.00369161471320120  0.01877082715010822  0.03651644800558392  0.05385530151563683
  0.07105987217624871  0.08862166106750151  0.10567536086622237  0.12246524684079248
  0.13901800313047888  0.15561863623931468  0.17142233493321493  0.18611403416568914
  0.20057339321836470  0.21412943621145758  0.22637403982042584  0.23824597130287659
  0.24957817395171863  0.26060745184585321  0.27145754291494317  0.28223369297370721
  0.29281976040097651  0.30318451218341591  0.31335010449980766  0.32337853980562714
  0.33304711033025658  0.34189788303875834  0.35025914603918856  0.35826970994863738
  0.36590950800672678  0.37336327425202942  0.38045204979100716  0.38723669682766543
  0.39421780553813857  0.40146443567482870  0.40878993851466644  0.41611513832136532
  0.42304965477138678  0.43013590062617180  0.43698443901647871  0.44376369922272224
  0.45053173707658750  0.45716553391546522  0.46368673669029792  0.47012337119963665
  0.47654703657843844  0.48300328197821274  0.48950278990443175  0.49601659441819157
  0.50248846506057598  0.50892307275746895  0.51539877095334619  0.52200100669862226
  0.52878092581305258  0.53557914829760234  0.54214703685757759  0.54845982300872509
  0.55463637058986415  0.56100947751554631  0.56786122309062426  0.57476610474924816
  0.58163214931245244  0.58821469664736270  0.59491361324581538  0.60198568889893556
  0.60971383717991900  0.61801665385865756  0.62643012719299351  0.63468388319782554
  0.64293662320534206  0.65145866226165750  0.66016647985982169  0.66888997764702052
  0.67822913022071529  0.68788397899649179  0.69779624739985169  0.70806346031615841
  0.71849299685909607  0.72942541561288199  0.73988503557216967  0.75048781020774535
  0.76171269436573474  0.77364965517477546  0.78638548194366464  0.79992561021884256
  0.81467356530568902  0.82945882507465796  0.84505925810892057  0.86065318889830700
  0.87614590061596775  0.89186634466386849  0.90928110510657012  0.92734978719442185
  0.94478726452911632  0.96202417036559595  0.97999936881321315  1.00000000000000000
   1.3274764911995460E-002  -1.0000000000000000     
 T T T T T T T T T T T T T T T T T T T T T T T T T T T T T T T T F F F F F F F F F F F F F F F F F F F F F F F F F F F F F F F F
  <DiscreteSampler_grid>
  grouped_processes
  1 # 1 for a reference and 2 for a running grid.
  10 # Attribute 'min_bin_probing_points' of the grid.
  1 # Attribute 'grid_mode' of the grid. 1=='default',2=='initialization'
  0.0000000000000000 # Attribute 'small_contrib_threshold' of the grid.
  0.5000000000000000 # Attribute 'damping_power' of the grid.
 # binID   n_entries weight   weight_sqr   abs_weight
    10   10   9.673573614896701E+007   2.851977790924058E+016   9.673573614896701E+007
  </DiscreteSampler_grid>
