  0.00000006989009439  0.00000009847963917  0.00000012592942689  0.00000015021155979
  0.00000018196976427  0.00000021458925445  0.00000025043864207  0.00000029150526397
  0.00000034189561799  0.00000040806853217  0.00000047630361967  0.00000055340681284
  0.00000064704085402  0.00000076098187171  0.00000090191683253  0.00000106004343970
  0.00000123532507993  0.00000142827946336  0.00000164755039828  0.00000190038920481
  0.00000218551579843  0.00000251644226483  0.00000288986306641  0.00000332080700894
  0.00000382479774787  0.00000440669716781  0.00000505941901825  0.00000579281327565
  0.00000666450085106  0.00000766800981767  0.00000884312222220  0.00001024902901921
  0.00001186167155173  0.00001374866203130  0.00001598094034037  0.00001867013291907
  0.00002169260939767  0.00002500194753604  0.00002863047657546  0.00003269939803343
  0.00003750043701775  0.00004318696570858  0.00004964141524312  0.00005698655247172
  0.00006595208340769  0.00007682316247869  0.00008946594971455  0.00010401155876643
  0.00012094395404221  0.00014108670246374  0.00016512138306589  0.00019277071073151
  0.00022307213014305  0.00025617832536091  0.00029381810092806  0.00033839031236626
  0.00039124504419876  0.00045181878084997  0.00052051178955900  0.00060290086787799
  0.00070366730503791  0.00082126983753757  0.00095840708614746  0.00111992719553396
  0.00131167490715465  0.00153363176447710  0.00178883701487559  0.00208516208867962
  0.00245243212288052  0.00287887380145254  0.00336037611532931  0.00389768846047318
  0.00452725487125516  0.00527155840643430  0.00611997499195782  0.00709587554217017
  0.00816621919745980  0.00936940243157731  0.01082382858142580  0.01255712437803778
  0.01444349425478952  0.01653398173536793  0.01905734889421628  0.02216903254214178
  0.02592265562195920  0.03053095575571848  0.03612244727953505  0.04280423685779718
  0.05103668962553337  0.06123803060685519  0.07514536347075756  0.09547764400308133
  0.13079097541459572  0.21572545394685713  0.50078261899958787  1.00000000000000000
  0.00125161558856639  0.00134637928179571  0.00147541335472768  0.00164751840968041
  0.00176928737276384  0.00187428825684937  0.00196485629116039  0.00205331719043550
  0.00214844218464750  0.00225011609564653  0.00236767818155442  0.00250633531556360
  0.00265338255701824  0.00280149801486347  0.00295594213876682  0.00311265844574156
  0.00326538515153032  0.00343662279458644  0.00361808964942635  0.00380018230294400
  0.00403912882550093  0.00428221768090007  0.00448002963471881  0.00468950944009429
  0.00489210700815297  0.00510181870229410  0.00530759045650548  0.00551439046849334
  0.00573946850203197  0.00597982363219101  0.00624581657712087  0.00653138913572072
  0.00684830868048033  0.00715306573790825  0.00744035377275111  0.00773140469165128
  0.00804296021678421  0.00838209378679192  0.00874256498745493  0.00910281439601916
  0.00944583081851092  0.00978572972396860  0.01014503328073180  0.01051357722934700
  0.01089872714590062  0.01129052322219424  0.01169293485786494  0.01209621655140041
  0.01250254928554679  0.01291873624905780  0.01333049813313591  0.01375455390863611
  0.01417798440713363  0.01460077066167854  0.01502729061066519  0.01545289161782277
  0.01587184100848011  0.01628779978703486  0.01671383152624942  0.01715998287477319
  0.01762847605421446  0.01813605390487902  0.01866821417604901  0.01924464188216132
  0.01984930617198206  0.02048717024419700  0.02117270383459565  0.02190949067327489
  0.02269140400577477  0.02352749963663745  0.02442035124936149  0.02537047759161418
  0.02640378060917111  0.02750115384162939  0.02872131109390901  0.03005076100820255
  0.03150111148713028  0.03309799615248341  0.03486035660794887  0.03684563502175875
  0.03907293888322823  0.04154121587902537  0.04438952789695617  0.04771533265423019
  0.05165216347918822  0.05642564327861480  0.06230310589177390  0.06965126444484153
  0.07890521955726282  0.09116738477751590  0.10912977974974077  0.13667224326165464
  0.18684408320650964  0.29461340690166993  0.68928537231955167  1.00000000000000000
  0.00314802943803465  0.05448309963191909  0.10451852405269058  0.14886520482626278
  0.18533413835282381  0.22199074994042331  0.25565252588918058  0.28456642299093188
  0.30890545337493353  0.33296718768969913  0.35382737230242767  0.37172393424228284
  0.38752248394393002  0.40291515572697789  0.41729350269229953  0.42974562516199460
  0.44069033465528196  0.45252115741106824  0.46454958966441151  0.47487349346226154
  0.48407207187840084  0.49347218401737092  0.50220793774494543  0.50979937987744950
  0.51733450458483199  0.52439492232856733  0.53186777672509833  0.53930403142954719
  0.54642650671715087  0.55325499173959070  0.55995267752519062  0.56701464589999762
  0.57412135568420952  0.58102726638324176  0.58785199778906827  0.59498264775245557
  0.60220480166564960  0.60940875601331057  0.61634723439313643  0.62321101284601421
  0.62987176998632943  0.63639755285229316  0.64294658647506830  0.64942620371007032
  0.65582151676506117  0.66214985339411958  0.66858392042425019  0.67518110701974354
  0.68181696480644982  0.68836368199680209  0.69493688059439374  0.70161802336511081
  0.70835705974436702  0.71501338138107418  0.72145934706616244  0.72789703161597163
  0.73444076067709396  0.74104204777421101  0.74757419815048765  0.75397682196084603
  0.76035141354233859  0.76661824595991424  0.77277665962155284  0.77897359251336407
  0.78519971425979374  0.79139033204130416  0.79752730238480929  0.80372973875552334
  0.81005556686723745  0.81687177091276642  0.82362207860550052  0.83013810099476459
  0.83651685263321129  0.84294009200676734  0.84947098254319575  0.85603443591629491
  0.86270071328676268  0.86948111173893905  0.87652213073608298  0.88372507156192170
  0.89081920336204856  0.89783658658910781  0.90471509731626243  0.91157290921213607
  0.91855360780035900  0.92560759321746688  0.93287873363623808  0.94027151882225191
  0.94777491763837818  0.95523297297074561  0.96277658434608671  0.97037179439233712
  0.97783841737600552  0.98521700129435719  0.99260846242686707  1.00000000000000000
 -0.00202121647829803  0.00909384048059060  0.01913334250702900  0.02969573642151389
  0.04037356544376428  0.05089084263587112  0.06153652918183895  0.07278698313716678
  0.08432273223529745  0.09580839677449135  0.10700387871512594  0.11762372953703375
  0.12824343420158793  0.13807137649499351  0.14827182561830538  0.15838190846118316
  0.16874574193907857  0.17841451160098384  0.18788929060299756  0.19766857162294865
  0.20751914486229142  0.21742884360184273  0.22765650698709763  0.23837690279055124
  0.24943860416509134  0.25988909723636877  0.27051402762631477  0.28179922256609907
  0.29268589011573060  0.30287592456085571  0.31256982992504218  0.32263544155516577
  0.33298525799350959  0.34309361615480016  0.35346770733947769  0.36414179045789263
  0.37506919276220918  0.38559320318505896  0.39600621434950745  0.40644992647181066
  0.41697559442249832  0.42753866027666898  0.43824381976757659  0.44896293037113144
  0.45948422924124982  0.47019978799625539  0.48126983993491301  0.49262247013196220
  0.50369504023995748  0.51393522332287089  0.52390962720619194  0.53385194002162362
  0.54421661393265863  0.55476010946485432  0.56561154686659110  0.57670283375790521
  0.58784354946825723  0.59877715155342170  0.60996592420846441  0.62115699509201250
  0.63225252054929781  0.64353734011401431  0.65434041882983207  0.66509632203759261
  0.67571440275412997  0.68614356453349246  0.69610828714544015  0.70554724962303872
  0.71536276860848713  0.72535926319407129  0.73550300748174990  0.74598309926543371
  0.75627116546806616  0.76629648703854325  0.77611740045386313  0.78600282186971315
  0.79655278639594485  0.80768930620133894  0.81915394547527220  0.83065036956039773
  0.84197175616196107  0.85339721851457795  0.86451484617805896  0.87563582873684265
  0.88556188872456232  0.89505164863533948  0.90455845388341594  0.91431030849144157
  0.92460821066763277  0.93539450543941594  0.94633943727513614  0.95760745506023837
  0.96829684622541778  0.97931389728831952  0.98954469014577251  1.00000000000000000
 -0.00238551567428855  0.00931480895788150  0.01965758743132495  0.03057813749234608
  0.04130781314266697  0.05128867100376663  0.06157450408707700  0.07243306789375493
  0.08349377707535699  0.09430890171440354  0.10527518849202741  0.11663683578493403
  0.12830742852127322  0.13943834367756036  0.15060639129562123  0.16143911470998767
  0.17220276378447880  0.18299144618766100  0.19361281042359413  0.20427442463663759
  0.21488806364266683  0.22554813127270978  0.23605068840802804  0.24647766054628922
  0.25676409175371462  0.26657842235942747  0.27595048175472314  0.28501807016316033
  0.29456690694459658  0.30422959592517124  0.31397803588506140  0.32376893588402034
  0.33354341526921638  0.34351176935126065  0.35369064552072271  0.36392782097552040
  0.37434814233553004  0.38458336557441070  0.39512917295455868  0.40591790418977475
  0.41709548786511225  0.42832826518862532  0.43929836418358637  0.45016305820789260
  0.46080921789036083  0.47109447121795611  0.48116487454666146  0.49137020298668771
  0.50196140388505894  0.51259762112033580  0.52309876578773140  0.53367395516751404
  0.54404493373329443  0.55421281118719468  0.56444996851347240  0.57489467345698786
  0.58550869144527873  0.59644305123555996  0.60748430649902163  0.61864817242653547
  0.62955640222135290  0.64042483253505200  0.65096338425570266  0.66117574149490022
  0.67074581436465097  0.68023970958972169  0.69013798651482516  0.70094247378698438
  0.71237239524297302  0.72380349658987397  0.73474808253717561  0.74583952893354644
  0.75638597529479301  0.76685731229598975  0.77744243203916663  0.78784336277590772
  0.79826388324256092  0.80829525166268235  0.81864848719744288  0.82911011694290571
  0.84019769368730268  0.85151913709117399  0.86303798137679633  0.87422145320730282
  0.88528078607849114  0.89604076777344865  0.90696627773885996  0.91792608178886548
  0.92904126351782779  0.93955701385585977  0.94975267241238770  0.95996207610183026
  0.97016282299290024  0.98029986938673830  0.99011846134278247  1.00000000000000000
  0.11867468549518705       -1.0000000000000000     
 T T T T T T T T T T T T T T T T T T T T T T T T T T T T T T T T F F F F F F F F F F F F F F F F F F F F F F F F F F F F F F F F
  <DiscreteSampler_grid>
  grouped_processes
  1 # 1 for a reference and 2 for a running grid.
  10 # Attribute 'min_bin_probing_points' of the grid.
  1 # Attribute 'grid_mode' of the grid. 1=='default',2=='initialization'
  0.0000000000000000 # Attribute 'small_contrib_threshold' of the grid.
  0.5000000000000000 # Attribute 'damping_power' of the grid.
 # binID   n_entries weight   weight_sqr   abs_weight
    10   10   7.132163912575264E+011   4.042801339911999E+024   7.132163912575264E+011
  </DiscreteSampler_grid>
