  0.00000006949073023  0.00000010002110311  0.00000012197601648  0.00000014354239162
  0.00000016866718311  0.00000019901773441  0.00000023544352235  0.00000027591550341
  0.00000032308949417  0.00000037708686919  0.00000044386192702  0.00000052526811870
  0.00000062146813345  0.00000073744033301  0.00000086481492978  0.00000101293758311
  0.00000119246913621  0.00000139005804726  0.00000161853135690  0.00000186588124266
  0.00000213304745739  0.00000243680918916  0.00000278874267727  0.00000318819615934
  0.00000369532175954  0.00000429921188638  0.00000497361239912  0.00000566480238732
  0.00000654237170139  0.00000753078615703  0.00000864036623485  0.00001008219034645
  0.00001178825139300  0.00001375683187546  0.00001595507928668  0.00001836667863533
  0.00002107709269443  0.00002427801884348  0.00002806696068555  0.00003245073739689
  0.00003774600539810  0.00004416980887040  0.00005177797788074  0.00006067713020989
  0.00007041514719839  0.00008133545028620  0.00009459664469326  0.00011154233381281
  0.00013246891769815  0.00015658277486851  0.00018312810307874  0.00021288011052051
  0.00024721570988235  0.00028535993458435  0.00032810913261228  0.00037765431322559
  0.00043723876711601  0.00051125559074253  0.00060295188014139  0.00071145763565881
  0.00082445492136505  0.00094936012105747  0.00109291204374535  0.00126155678827866
  0.00146906860112253  0.00171058012564317  0.00199456452693441  0.00232834958000204
  0.00272372477481563  0.00317164099055944  0.00366147845605895  0.00422533411970435
  0.00486800730809977  0.00563562984056346  0.00659162862091659  0.00769561849434290
  0.00895201727265969  0.01039760230585180  0.01210367751539867  0.01404661784703808
  0.01630952893086668  0.01896914476678827  0.02196545272947780  0.02520938765836852
  0.02864612043386950  0.03241683278127387  0.03686143914255445  0.04218484439896950
  0.04904370254433488  0.05842231127620573  0.07127749193048526  0.08978629211720764
  0.12290631817535183  0.20715593332743754  0.49723895972441112  1.00000000000000000
  0.00018171292901748  0.00028449550006566  0.00035959718298992  0.00042444554353770
  0.00050893114250908  0.00059985590875678  0.00069146927806663  0.00078109367719505
  0.00085307324582099  0.00092204859892190  0.00099188820365267  0.00106997865263404
  0.00115781874878209  0.00125050167104950  0.00136216339411925  0.00145680681546103
  0.00154450029178096  0.00162945406099040  0.00171915628167700  0.00181604533213743
  0.00192015115204749  0.00202810510998872  0.00214393448477085  0.00226279672587336
  0.00239383723362406  0.00255364366085407  0.00270137016927224  0.00283180621381190
  0.00296537700018597  0.00312349424742376  0.00330044750001637  0.00350441576865514
  0.00373264299328565  0.00399243363111380  0.00424478231193934  0.00447206989921255
  0.00470490485941347  0.00496358889652464  0.00523205219955521  0.00550475037025050
  0.00578639889022137  0.00608165978437080  0.00639236091043113  0.00671363257042179
  0.00704463120137641  0.00739348628916111  0.00773196871962009  0.00813519612551892
  0.00855028245184161  0.00897582305368153  0.00941062512281676  0.00984368751464878
  0.01027233372686903  0.01071513171418421  0.01119606029356512  0.01171762183973273
  0.01222771486144242  0.01274240236285754  0.01327599960278101  0.01382358918343919
  0.01438342613013674  0.01493016670675341  0.01546001852629986  0.01598314743737341
  0.01651034424014437  0.01706118260106174  0.01766624454027928  0.01830181783490238
  0.01897485082318770  0.01969411019146724  0.02045718989226860  0.02127174729222681
  0.02217973466038322  0.02316044112369993  0.02421749803605206  0.02537966722676678
  0.02667189743909089  0.02810070762378312  0.02968294114907563  0.03144137056024113
  0.03340590949270284  0.03563245182418368  0.03820722157313482  0.04122132965553144
  0.04477186482126226  0.04896490146280468  0.05403309977882848  0.06031902518854611
  0.06836061313002749  0.07959420650985909  0.09614210809749914  0.12165027287599725
  0.17029618886067552  0.28233412662996060  0.70978172579845300  1.00000000000000000
 -0.00959269645753199  0.10674898319034590  0.16020612063110118  0.20928143124782844
  0.25211266833677415  0.28461859235682307  0.31348186290046859  0.33716162867140853
  0.35730250752808818  0.37655218163329801  0.39460520616613215  0.41025065024317503
  0.42386108515893944  0.43571273162241758  0.44747444603761105  0.45935492639416647
  0.47067276425876919  0.48083132195160116  0.49056257023419453  0.49959203450769984
  0.50802540984157041  0.51630212765562999  0.52422760313707384  0.53191719618375433
  0.53953415060251630  0.54707822406711559  0.55454029621466483  0.56184006096935213
  0.56898858614707193  0.57599601126367761  0.58265964992393626  0.58893649819989169
  0.59484541915128164  0.60102246991660657  0.60742157848992806  0.61415668826774961
  0.62090623938621314  0.62748907400123544  0.63380152083402552  0.63989172543089934
  0.64592459104912381  0.65201537865933279  0.65824140591134184  0.66454051653808366
  0.67087505971449046  0.67736139475791335  0.68406778720471950  0.69079756543113902
  0.69721233163597041  0.70323938626637494  0.70920627395216185  0.71519765507637223
  0.72138166818425176  0.72755105107712303  0.73360306748916759  0.73946597958858051
  0.74525769163789546  0.75092824716516426  0.75676881219873837  0.76281651758233526
  0.76895992568149096  0.77490059082627749  0.78062271744856282  0.78635734093143717
  0.79221220483050425  0.79818923638972805  0.80416290924408329  0.81006447210625110
  0.81617170737377109  0.82245032117897998  0.82886472557245450  0.83531286393233040
  0.84176964094355577  0.84827839345778455  0.85489634056260555  0.86152376436058753
  0.86800838729506746  0.87439986519690438  0.88082524758557912  0.88733940956537660
  0.89389931999210204  0.90051582446902378  0.90716582610281227  0.91387845357284281
  0.92071024860549833  0.92747847607499456  0.93424357714822837  0.94100535145465558
  0.94793554796839374  0.95504273009075547  0.96231272943994173  0.96968398342969131
  0.97723901797087398  0.98478456609061704  0.99250404008841153  1.00000000000000000
 -0.00240686636525020  0.00914311136780753  0.01982233920162191  0.03024425862205616
  0.04086042605718304  0.05107539793206352  0.06106829197690588  0.07087197018839218
  0.08086676620920108  0.09117710814968066  0.10140970737669218  0.11165086939092364
  0.12195987211787038  0.13301450860748773  0.14458883687710200  0.15632946115724786
  0.16783340464560689  0.17838233315960625  0.18899523193619136  0.19919531749099204
  0.20936919088275818  0.21976900919971515  0.23005936487864964  0.24005772222120053
  0.24976633665983550  0.25972753861125619  0.26981774255860219  0.27977306895522064
  0.28971574744791700  0.29987255085739439  0.31041281419874756  0.32095654121430295
  0.33147066493699961  0.34208815932267411  0.35262632925079074  0.36325700833185126
  0.37373714921624535  0.38437704161931363  0.39504519269829530  0.40578225758974018
  0.41622976401108414  0.42598077011811580  0.43548771670949088  0.44522741050921583
  0.45519102047879273  0.46527673688383975  0.47532350359569486  0.48570370585362926
  0.49635398301689143  0.50689261971535893  0.51731635567685508  0.52787937669481588
  0.53879684520502458  0.55030735475270165  0.56206256084819461  0.57349514283289760
  0.58471670353142891  0.59560138904547943  0.60631080825120609  0.61647463516656398
  0.62621658024745630  0.63571559749101636  0.64544475591059058  0.65560960622349207
  0.66602858373483564  0.67634502995884449  0.68682537899179519  0.69757708328241008
  0.70869564454242651  0.71994917444846562  0.73093982465612006  0.74192314850451413
  0.75283109834737627  0.76406011886587677  0.77529931517636064  0.78688362633852249
  0.79840806393506436  0.81013121842361802  0.82189378342107333  0.83333649548295941
  0.84426678560366308  0.85474502496329008  0.86523277888325056  0.87552421618049148
  0.88570590047647679  0.89583245187880134  0.90598100226918721  0.91636282537679492
  0.92636865924741862  0.93626616781797767  0.94616956165945720  0.95615256567010376
  0.96657889499279104  0.97725726924162770  0.98840905235092613  1.00000000000000000
 -0.00242436828122658  0.00998215180214841  0.02096188411404319  0.03157932394451910
  0.04235127304873993  0.05327860799452300  0.06420065202823258  0.07452968573115407
  0.08504447363273406  0.09558577385448552  0.10600593664016644  0.11602071852471707
  0.12590749152518493  0.13607050931250508  0.14619173306904878  0.15622891773789510
  0.16606543963561163  0.17606510091705188  0.18588752416266346  0.19587479446302303
  0.20619741721370555  0.21705068658474005  0.22783352702414889  0.23841565191751618
  0.24882953282952378  0.25869651609168842  0.26807053808288911  0.27744464078878539
  0.28751120258909901  0.29794951724170915  0.30854232339789794  0.31919451636305890
  0.33028557976517575  0.34161354623159707  0.35309168192018370  0.36521398900152863
  0.37704071784977267  0.38819012149274756  0.39867225779974957  0.40909119187078102
  0.41939560983762708  0.42931245253854483  0.43921521139963010  0.44936615216360093
  0.45964273320922883  0.46992566219450582  0.48007982715143621  0.49029984511847391
  0.50038672729120659  0.50964418603634454  0.51872526837646693  0.52836017645214739
  0.53826268802441257  0.54834291666969359  0.55813768767596694  0.56860319112048052
  0.57979834874114899  0.59062754368070591  0.60163122953362236  0.61199611030264267
  0.62242843281045290  0.63302840690953643  0.64403889212436338  0.65566108805373613
  0.66728107084159693  0.67901417690374788  0.69053942597181994  0.70170535445607063
  0.71240623268793812  0.72220237264615328  0.73190811937345834  0.74151013179685077
  0.75133501453730367  0.76253814966916666  0.77363440760351798  0.78537423792775340
  0.79694337598135545  0.80894581546821098  0.82015744263399937  0.83091661031671293
  0.84156859370098391  0.85196330876970061  0.86216942569912769  0.87228477403691740
  0.88293458543082570  0.89395294941155512  0.90483811863159880  0.91560090588558340
  0.92617879858750107  0.93643321548916170  0.94636172241632754  0.95630518404676101
  0.96680773190090075  0.97796400620098101  0.98889298480159660  1.00000000000000000
  0.12498353439904948       -1.0000000000000000     
 T T T T T T T T T T T T T T T T T T T T T T T T T T T T T T T T F F F F F F F F F F F F F F F F F F F F F F F F F F F F F F F F
  <DiscreteSampler_grid>
  grouped_processes
  1 # 1 for a reference and 2 for a running grid.
  10 # Attribute 'min_bin_probing_points' of the grid.
  1 # Attribute 'grid_mode' of the grid. 1=='default',2=='initialization'
  0.0000000000000000 # Attribute 'small_contrib_threshold' of the grid.
  0.5000000000000000 # Attribute 'damping_power' of the grid.
 # binID   n_entries weight   weight_sqr   abs_weight
    10   10   8.472348408460950E+013   3.609705323344388E+028   8.472348408460950E+013
  </DiscreteSampler_grid>
