  0.00000005222471555  0.00000008748934175  0.00000011623371059  0.00000014066450745
  0.00000016715745155  0.00000019776483660  0.00000023379539416  0.00000027626916934
  0.00000032448220694  0.00000037897932389  0.00000044096466323  0.00000051178174588
  0.00000059292726328  0.00000068492476475  0.00000079498170563  0.00000091854476288
  0.00000105472379496  0.00000120754953250  0.00000139897959868  0.00000162809527797
  0.00000190279462292  0.00000224088823774  0.00000262458083134  0.00000306274852227
  0.00000353654176085  0.00000407941437260  0.00000472398453175  0.00000543931673797
  0.00000627981068012  0.00000724615347188  0.00000834154271165  0.00000958949665017
  0.00001101596353045  0.00001266089316699  0.00001454495529837  0.00001670282945517
  0.00001941224508075  0.00002266974420171  0.00002643199715048  0.00003056231579200
  0.00003526674222531  0.00004063907114442  0.00004669297228672  0.00005357476871098
  0.00006191939420071  0.00007145873780811  0.00008198152971891  0.00009437905947278
  0.00010863500805175  0.00012580647403118  0.00014603672879125  0.00017039478623851
  0.00019943053631220  0.00023328574200279  0.00027248999435801  0.00031807995479948
  0.00037007988854720  0.00042977389845238  0.00049673663789504  0.00057330962638269
  0.00066417133178296  0.00077348987734147  0.00090455172411541  0.00105830819460828
  0.00123489733931824  0.00143607505790715  0.00166453230845260  0.00192434299602471
  0.00222159447017264  0.00256879122600972  0.00297391999876149  0.00343751356248220
  0.00397286576729197  0.00458989827306352  0.00530862419773539  0.00614017679560267
  0.00712406692005130  0.00823856906825477  0.00958392466967069  0.01107184485787148
  0.01282700630499909  0.01486980248986946  0.01716993425492687  0.01991862302292725
  0.02321795537542672  0.02722798792411191  0.03202192904674606  0.03764134845403041
  0.04449918895388331  0.05310843277482503  0.06468328725402700  0.08152210055848896
  0.11085226684125625  0.18985678989235083  0.51358773423353488  1.00000000000000000
  0.00102128846861869  0.00108212067043151  0.00114036333218333  0.00121403098901527
  0.00131833545112438  0.00140846540526004  0.00148389120914633  0.00155648271003871
  0.00160969035896467  0.00173819443204817  0.00192232064059936  0.00213384426168660
  0.00232215290604610  0.00250019491786264  0.00264244933402259  0.00277033453229006
  0.00291263852035605  0.00305410953798263  0.00320599190766182  0.00336363034274634
  0.00351746350531631  0.00366991456635365  0.00381858496025562  0.00398045178696926
  0.00414878767614348  0.00432735400407544  0.00450632424309928  0.00468839059592937
  0.00487718319831443  0.00506221703203837  0.00526102694116024  0.00548511790284926
  0.00571155313985214  0.00593283696593968  0.00617494045326662  0.00643437594457238
  0.00671117864180861  0.00698534883487155  0.00727054586691025  0.00758786065363901
  0.00792714425180930  0.00827192750511252  0.00861584092252457  0.00896854902474554
  0.00932007309496124  0.00967470665574097  0.01002629870289080  0.01040231274097888
  0.01077267212374944  0.01114583399442332  0.01152319346806336  0.01191693250572656
  0.01232836202638619  0.01275486942492748  0.01319852183539472  0.01366016549672446
  0.01412904350486229  0.01458690335243175  0.01502422225904631  0.01544173095150148
  0.01584845469124145  0.01625709180132295  0.01667731993498183  0.01711918348678883
  0.01759081906463133  0.01808399724720483  0.01860669858995837  0.01916246205642576
  0.01974414551033037  0.02036943825853512  0.02104510184112073  0.02175838742870862
  0.02252350419226546  0.02335220299405979  0.02424294910551096  0.02521127984448195
  0.02627071208084396  0.02742604010535763  0.02869103832323098  0.03004233124282462
  0.03157433224268974  0.03326816974954190  0.03520359996920004  0.03741077525935419
  0.03989247532246167  0.04278120510910439  0.04621279101429305  0.05040726787619174
  0.05554093930155742  0.06199776519187265  0.07089019204104260  0.08329655781363333
  0.10272862182543882  0.13745817320342288  0.23950935869808851  1.00000000000000000
  0.00301674426365082  0.06009563411452638  0.11948715975156333  0.17121454962772442
  0.20991632453330566  0.24943322164576204  0.28530099934904002  0.31498473874570326
  0.34043801783884081  0.36247827688833517  0.38177680165892430  0.39924316199247922
  0.41426267173583503  0.42782874124053938  0.44081752250004491  0.45374353825637714
  0.46578430137641058  0.47619068042580148  0.48542126442676864  0.49405157058453492
  0.50216100023717514  0.50974748753720411  0.51717688276934470  0.52481212166203084
  0.53254404323475057  0.53985756344309743  0.54669838046288677  0.55320367033059592
  0.55984705115064126  0.56672571903459024  0.57361052698683701  0.58045922380086612
  0.58701665536173775  0.59333429040944596  0.59965230927166335  0.60590870947130604
  0.61205173369032684  0.61805094129172944  0.62398506370587103  0.63003264839187989
  0.63616230383746919  0.64229893126222648  0.64850788260331316  0.65468743898236048
  0.66079293328715705  0.66672599246584707  0.67293564563020669  0.67907663399113782
  0.68544965036631156  0.69186441207148419  0.69840454099707683  0.70499658961614242
  0.71128684618072080  0.71737389308171062  0.72352072802885281  0.72976560573680638
  0.73615294190833802  0.74260565164074221  0.74895378749539498  0.75519566706571384
  0.76143040408279827  0.76778777101795170  0.77415567489110215  0.78039604385393846
  0.78650713018426843  0.79267481218395563  0.79899373194275414  0.80544672180364130
  0.81187205518726624  0.81818429128559622  0.82442909097014228  0.83068736149692046
  0.83701535582037523  0.84345329284266046  0.85000006698940367  0.85665338890338905
  0.86329462942747892  0.86994283639175396  0.87664191773880384  0.88340235489531160
  0.89016019154071369  0.89693459413238530  0.90375913229906490  0.91077494174127194
  0.91787147619573262  0.92511399642650571  0.93220560983522049  0.93931091492064811
  0.94654390309714032  0.95385672778528008  0.96129266879721476  0.96873761263509883
  0.97625457864763010  0.98401116121895960  0.99197039825183830  1.00000000000000000
 -0.00222574655643949  0.00926567843790308  0.01931890385521776  0.02956434852087712
  0.04019986570473624  0.05129527522649697  0.06222459250403407  0.07302233324852170
  0.08365578184433187  0.09424418424588021  0.10464344528577955  0.11493599768907187
  0.12522554023466997  0.13561796881060093  0.14602147490715905  0.15660486901832935
  0.16728349468005835  0.17801501935883504  0.18876781374903454  0.19929983537432849
  0.20971066261744162  0.22034905952198844  0.23106416002940702  0.24199644673201745
  0.25277917890868640  0.26400589097706761  0.27520950077266687  0.28637557433210936
  0.29694096323372410  0.30748224873827240  0.31762240040407147  0.32782715618897995
  0.33795727155941990  0.34808940233577745  0.35845473470165312  0.36904364440533349
  0.38002128034646854  0.39137245246991115  0.40242666974703906  0.41325357375521221
  0.42363311360300648  0.43402299128036576  0.44441145216292782  0.45468058642559811
  0.46497164440493727  0.47548863689047710  0.48607845912709979  0.49642876047778267
  0.50660939598687449  0.51682267825444805  0.52718732802124624  0.53718587496845138
  0.54729066148053929  0.55748443083107180  0.56795437013779726  0.57834181540620888
  0.58875160483978717  0.59905847682491697  0.60935671148891413  0.61984409353760250
  0.63014753002839052  0.64008315120152692  0.64986882426626669  0.66004496456954265
  0.67091226647717017  0.68221725220035789  0.69329120473661299  0.70384538343599079
  0.71403054836440594  0.72405650772904373  0.73365547437678669  0.74384330501416873
  0.75418992767196114  0.76523636459011346  0.77625074219760748  0.78768040650456028
  0.79872701901885834  0.80920896735594172  0.81976395038349037  0.83035994028371518
  0.84069633099918872  0.85094498709883848  0.86164760559411446  0.87254450381122628
  0.88293483350981272  0.89322471293644834  0.90383000829953863  0.91429339789005071
  0.92473380604092947  0.93529865112688293  0.94613421912782325  0.95695424143508345
  0.96739574859953847  0.97828501593804695  0.98884068513185197  1.00000000000000000
 -0.00219577144514983  0.00931218233338054  0.01888278551647997  0.02958240906775565
  0.03993825025420101  0.05142839800490216  0.06219390816797626  0.07292857355722659
  0.08374990305229384  0.09492890645154711  0.10605156688024557  0.11685685867428645
  0.12767138613719969  0.13854450013577793  0.14908532477139247  0.15940525309688811
  0.16957498254715808  0.17980781927490327  0.18987089856416287  0.19977296880355999
  0.20975457910087256  0.22050929302588551  0.23133778962984602  0.24218013970886512
  0.25269548989755963  0.26315706499953812  0.27357283615468003  0.28399891600792693
  0.29444678440899408  0.30490855653705179  0.31518500660837873  0.32550070173309725
  0.33606995103880632  0.34687797768927703  0.35733768174128988  0.36730130512420139
  0.37721453698303115  0.38800574640399815  0.39862347459611053  0.40921165019177669
  0.41956490871039565  0.42998039203758831  0.44063300306134789  0.45126146358128122
  0.46188109660629767  0.47231893428365568  0.48290121099044453  0.49365651783132025
  0.50432336182238147  0.51473629231279483  0.52513014392282498  0.53561509573078059
  0.54579159664209342  0.55628441828229858  0.56658636806660445  0.57694148004195522
  0.58724927994200626  0.59762268068543967  0.60783739353044219  0.61786015792257043
  0.62789138586918292  0.63821471472532965  0.64859522853518992  0.65910738494821897
  0.66984652068122574  0.68040229044783462  0.69078441321742778  0.70103740955327820
  0.71145334483602196  0.72214437445765689  0.73298932537900330  0.74407560782617721
  0.75484514372212941  0.76539900024740792  0.77591298931368391  0.78673555935089834
  0.79723388825112573  0.80785242853876504  0.81816494687343799  0.82919983602233127
  0.83955329289461322  0.84997562069221466  0.86060149503190486  0.87113233170659043
  0.88142915590446524  0.89185608802207150  0.90270053081739698  0.91403356528340540
  0.92530106941414703  0.93666440774508131  0.94735580681041354  0.95799514244735606
  0.96858735851423416  0.97933046662749978  0.98963028348302029  1.00000000000000000
   6.2120157448800319E-002  -1.0000000000000000     
 T T T T T T T T T T T T T T T T T T T T T T T T T T T T T T T T F F F F F F F F F F F F F F F F F F F F F F F F F F F F F F F F
  <DiscreteSampler_grid>
  grouped_processes
  1 # 1 for a reference and 2 for a running grid.
  10 # Attribute 'min_bin_probing_points' of the grid.
  1 # Attribute 'grid_mode' of the grid. 1=='default',2=='initialization'
  0.0000000000000000 # Attribute 'small_contrib_threshold' of the grid.
  0.5000000000000000 # Attribute 'damping_power' of the grid.
 # binID   n_entries weight   weight_sqr   abs_weight
    10   10   3.792113837812098E+013   1.430616253087290E+028   3.792113837812098E+013
  </DiscreteSampler_grid>
