  0.00000005336892886  0.00000010598009706  0.00000013556235882  0.00000016409913172
  0.00000019736692021  0.00000023618971258  0.00000028101403472  0.00000033168718163
  0.00000039138077746  0.00000046199577470  0.00000054187084056  0.00000063034985745
  0.00000072632081678  0.00000083433181534  0.00000095981959421  0.00000110599053518
  0.00000128141097451  0.00000148143652050  0.00000169191168911  0.00000192745877432
  0.00000221023014289  0.00000255519144926  0.00000297504684282  0.00000347090551235
  0.00000404356992851  0.00000469397634886  0.00000545276766952  0.00000637219903058
  0.00000745713882589  0.00000870155863339  0.00001013483371994  0.00001178790289325
  0.00001369355651070  0.00001590289731339  0.00001844285328445  0.00002132881456827
  0.00002475012883272  0.00002870978524872  0.00003300534930372  0.00003778460555789
  0.00004350474444858  0.00005037780927184  0.00005870520727132  0.00006864906350082
  0.00008008327934866  0.00009289697296085  0.00010767343985125  0.00012507047215431
  0.00014513976141092  0.00016817428546354  0.00019459202367359  0.00022525236033085
  0.00026070277525385  0.00030122005432610  0.00034601379471260  0.00039785767821154
  0.00045706283819634  0.00052632629438622  0.00060770821386246  0.00070881535565889
  0.00082416556941969  0.00095605769389015  0.00111078529976888  0.00129309353300368
  0.00150202701367133  0.00173828224232207  0.00201259109552835  0.00233753001721144
  0.00270299347193597  0.00309311482286529  0.00353974334868070  0.00402191967437973
  0.00461327909632669  0.00533975738801419  0.00616209126714683  0.00717103144479410
  0.00842340986680830  0.00983755631450631  0.01152966490688058  0.01350089189947594
  0.01566438554915838  0.01812839464832472  0.02093140960082487  0.02395059345452686
  0.02746745386437567  0.03156394040339479  0.03684943632631181  0.04295909015223053
  0.05085515573364977  0.06075200703909768  0.07426173809885926  0.09277919849784480
  0.12522678786002489  0.20330628610015331  0.50205184325131424  1.00000000000000000
  0.00022132142657354  0.00037228679574764  0.00040466524963728  0.00047704921412910
  0.00059549834656772  0.00071242754785169  0.00083149153300928  0.00095813738111884
  0.00109319617429435  0.00121081254404122  0.00126588958447253  0.00133866977345698
  0.00142526922827758  0.00152786368308468  0.00162161645376780  0.00171955555231366
  0.00182194845213185  0.00192256658304001  0.00203680772351605  0.00216364709676143
  0.00229444470964057  0.00243059852283139  0.00258074961643568  0.00273229956149850
  0.00289848268888985  0.00307159142377199  0.00323907840263026  0.00341426196999222
  0.00361218737021623  0.00384020517876903  0.00408192939579744  0.00432840275035383
  0.00455453882877867  0.00477963388063787  0.00502300717651878  0.00534294575788905
  0.00569989089378875  0.00604965999604275  0.00638084808390632  0.00667769441354133
  0.00697522042323518  0.00729440309790479  0.00764070004301336  0.00800950980506790
  0.00839016347107985  0.00877168434609943  0.00916317503227727  0.00957053593029916
  0.01000733212927501  0.01048123918881482  0.01096084326340949  0.01142427551611672
  0.01188477139579116  0.01236614667038662  0.01285123488047801  0.01336481627827601
  0.01385228230481401  0.01434149908046603  0.01482395573793306  0.01529839373796765
  0.01577228471588440  0.01625125897176296  0.01674256543084170  0.01726662833514715
  0.01781627794666794  0.01839209961610898  0.01900931434176850  0.01966852535764476
  0.02038681536803023  0.02116317677053665  0.02198894807650860  0.02287001569946622
  0.02380468766869777  0.02481822063449735  0.02591570097691027  0.02713230672863404
  0.02848317135541233  0.02997810665564906  0.03163210925173587  0.03344403492880752
  0.03546252453226444  0.03778450743115622  0.04044316770498114  0.04350315588030664
  0.04715351352929777  0.05163481782037560  0.05716475868712000  0.06405645262068198
  0.07269367771007962  0.08432623827081562  0.10132573994374047  0.12707517234992230
  0.17480251765673291  0.28177044254040357  0.67857561416021828  1.00000000000000000
 -0.01072228653408460  0.06309977551814504  0.11244681616989766  0.15942856869305577
  0.20391035066395713  0.24198798893854753  0.27637228534803931  0.30898292582549503
  0.33748325619461489  0.36134682715039917  0.38123603715000676  0.39836291733511375
  0.41338867546090191  0.42749117520602975  0.44179477658012090  0.45481374068920477
  0.46619081195325601  0.47569185634656536  0.48513992749597473  0.49357863087968740
  0.50153255740265168  0.50915613236697377  0.51682067448989855  0.52437153032166883
  0.53175783856715098  0.53902624848351521  0.54577748744967758  0.55219441576762984
  0.55850826337915227  0.56479662065917036  0.57111375393772534  0.57748567430347142
  0.58394572438139258  0.59032715282954873  0.59656564138993828  0.60280939596288186
  0.60921248507891546  0.61569619087734617  0.62231760299782624  0.62897503395671361
  0.63556904256277924  0.64197189849603131  0.64806140297088133  0.65391503770538273
  0.65965659859802139  0.66544326893879913  0.67139379009458700  0.67744174009723879
  0.68352443729218904  0.68984487013172102  0.69621881655326001  0.70271743399072062
  0.70934257238097331  0.71626819294840005  0.72342044610195821  0.73053538743395618
  0.73746888700702851  0.74442686669490366  0.75113892552904515  0.75762678688710283
  0.76406817718231190  0.77053419999623152  0.77701508493712468  0.78349322121098786
  0.78988839626660889  0.79612221629163449  0.80239753417211834  0.80884215807981108
  0.81524019239173950  0.82171649757064047  0.82802704152152551  0.83435123361454766
  0.84067933620301649  0.84702917731869420  0.85353384382411468  0.86007565036189482
  0.86653655555532172  0.87314863513941621  0.87950353594219111  0.88598961607195126
  0.89258329683573745  0.89953608451348099  0.90647217118803003  0.91310499803809109
  0.91967345657772559  0.92650943344742742  0.93344330555730248  0.94055633395329330
  0.94778270843629564  0.95508064643095736  0.96250654769525301  0.97029547547422090
  0.97811482216389933  0.98556722613556780  0.99290255095741031  1.00000000000000000
 -0.00250882178414977  0.00990642794467828  0.02049995407732186  0.03082276399347865
  0.04156375453470960  0.05205703886965535  0.06218523136838417  0.07258202453271624
  0.08330414744335597  0.09430039949241011  0.10560474073528044  0.11646599604180338
  0.12727745070565102  0.13744760272976531  0.14786650674640547  0.15859557810077921
  0.16927938760135744  0.17975149919314604  0.19035082625464117  0.20117045371633760
  0.21196986078409583  0.22257657125333336  0.23324689349258185  0.24371442829330189
  0.25413375016465417  0.26441897933496983  0.27507786879965312  0.28517836460466650
  0.29565829688514733  0.30604734700292929  0.31699347454671190  0.32768063976894846
  0.33837300858218539  0.34892784254722664  0.35982262491481526  0.37077514615842233
  0.38111793282735623  0.39098734897300702  0.40092370066945648  0.41086502231574429
  0.42076834748191827  0.43091275890044323  0.44159683184633136  0.45268653150905996
  0.46387541615742406  0.47491262388985162  0.48586157954700887  0.49620755538505168
  0.50629551071500967  0.51621419467141372  0.52632059971753054  0.53668870828894788
  0.54695396405693297  0.55725592892404230  0.56770322261055262  0.57865789794884637
  0.58993060268133346  0.60121279055669719  0.61230127686214497  0.62320365131074418
  0.63382730502360862  0.64459149163828244  0.65600712709409259  0.66731712034843249
  0.67809346314321950  0.68839225775311363  0.69880075582440904  0.70877094520335671
  0.71832362348960765  0.72762142391506690  0.73766351230459182  0.74816272806884632
  0.75848103957345658  0.76886353821089826  0.77941110703952254  0.79016809690613621
  0.80059038259071214  0.81080274872457425  0.82124582569728566  0.83187830739642288
  0.84250046016724123  0.85305164431673164  0.86345659423822096  0.87380897888135334
  0.88424827274128937  0.89473796873113842  0.90510901635947671  0.91583291766067842
  0.92685598453005269  0.93775815203029655  0.94803968594427290  0.95803934451330031
  0.96849124000368991  0.97891958278292845  0.98953578331644709  1.00000000000000000
 -0.00269604135879780  0.01071060413142995  0.02138795599054725  0.03203097339050643
  0.04233762452748321  0.05277912139431629  0.06335482016567706  0.07410840475943228
  0.08525229837875029  0.09671982409667498  0.10790346658279260  0.11922089879501456
  0.13095458231725296  0.14320068023141469  0.15474807590696291  0.16565697893214690
  0.17597572751846458  0.18611560057439736  0.19614676606155870  0.20621975332497591
  0.21668566013726562  0.22702949030694414  0.23709190855443998  0.24720524335585092
  0.25746813852469425  0.26775573474684083  0.27735404636557637  0.28685823463226207
  0.29625473889552373  0.30602225144886902  0.31558009169714241  0.32493710206164345
  0.33457881977947440  0.34437224841045566  0.35429766493855225  0.36453420551736382
  0.37516853189424715  0.38583491328474862  0.39618626445762695  0.40658485741639933
  0.41723881153228215  0.42811475556231904  0.43873945612531851  0.44951979305608131
  0.46045674984457802  0.47138141459769722  0.48243495722859331  0.49350472725476119
  0.50444904823408943  0.51493317936385230  0.52486060582488636  0.53465627261324322
  0.54482923490759927  0.55544940661482278  0.56598120810920072  0.57650750498410719
  0.58717304532705250  0.59790847673450043  0.60895775560849008  0.61992763828961672
  0.63080946685544459  0.64146059530580835  0.65203585114518081  0.66217632248165725
  0.67223586540835800  0.68223380717749904  0.69187867246150503  0.70181485355824658
  0.71145109560215791  0.72168382348263216  0.73166358634875417  0.74189509194620751
  0.75221500592491075  0.76225998037880338  0.77280535144231410  0.78364860885995524
  0.79431475973728827  0.80471657762942450  0.81518402162624981  0.82580794404670488
  0.83644850641054080  0.84703541140472727  0.85801314160407449  0.86866745220379793
  0.87939116795192540  0.89014978061897432  0.90049468140759270  0.91082985652457271
  0.92139597678832263  0.93252976582618663  0.94404528300144364  0.95572673126318330
  0.96759307421358887  0.97879754598717061  0.98947646175737736  1.00000000000000000
  0.12469100102325287       -1.0000000000000000     
 T T T T T T T T T T T T T T T T T T T T T T T T T T T T T T T T F F F F F F F F F F F F F F F F F F F F F F F F F F F F F F F F
  <DiscreteSampler_grid>
  grouped_processes
  1 # 1 for a reference and 2 for a running grid.
  10 # Attribute 'min_bin_probing_points' of the grid.
  1 # Attribute 'grid_mode' of the grid. 1=='default',2=='initialization'
  0.0000000000000000 # Attribute 'small_contrib_threshold' of the grid.
  0.5000000000000000 # Attribute 'damping_power' of the grid.
 # binID   n_entries weight   weight_sqr   abs_weight
    10   10   1.606488840578550E+013   2.573468764776717E+027   1.606488840578550E+013
  </DiscreteSampler_grid>
