  0.00000007485157569  0.00000011692603204  0.00000013908937300  0.00000016528894488
  0.00000019437662218  0.00000022722530504  0.00000026544535312  0.00000030986998821
  0.00000036047395733  0.00000041862491853  0.00000048526252720  0.00000056620971653
  0.00000066638468237  0.00000079737837662  0.00000094832009658  0.00000111106408213
  0.00000128356086544  0.00000147719859557  0.00000169571238602  0.00000195498692942
  0.00000225607377328  0.00000260897821953  0.00000300176031185  0.00000346697788697
  0.00000400802280728  0.00000462706526112  0.00000530737660250  0.00000610727555783
  0.00000703367987074  0.00000811872371159  0.00000937362075902  0.00001080189893603
  0.00001241162266319  0.00001441410151283  0.00001675949582334  0.00001954007644492
  0.00002278053780891  0.00002647895736745  0.00003075734023193  0.00003567442695312
  0.00004131667981291  0.00004810994446414  0.00005636618378225  0.00006628767181299
  0.00007750842573881  0.00009031327848875  0.00010460286653908  0.00012147953835007
  0.00014150315351891  0.00016420592999141  0.00019040525484570  0.00021969053404559
  0.00025196055683977  0.00028851367789243  0.00033036163913366  0.00037824603817052
  0.00043365096016899  0.00049781130631717  0.00056925164794008  0.00064996891899378
  0.00074499315854722  0.00085669521584383  0.00098546804218904  0.00113519010985780
  0.00131513913419349  0.00153884899141569  0.00179867600809960  0.00208627254126382
  0.00241577278420315  0.00278963098581698  0.00322708259584651  0.00372387585754718
  0.00430279613580495  0.00502664761275471  0.00587008017704516  0.00683297690778064
  0.00801542311241440  0.00940151006406257  0.01105099562787976  0.01290492563327267
  0.01504383713281397  0.01744002999565107  0.02020865439573875  0.02349574210858320
  0.02743265791894174  0.03203352020734646  0.03711948166655247  0.04313047068925395
  0.05060473578301674  0.06046834079962008  0.07356311297980513  0.09208159527412083
  0.12424652868445904  0.20967751432135495  0.50167128884633694  1.00000000000000000
  0.00035952448109686  0.00053274098498661  0.00061950860038016  0.00070669814777501
  0.00079230216762615  0.00088857070063857  0.00096625480153156  0.00103204567487937
  0.00110104976767669  0.00117444779234450  0.00124603815846689  0.00132477900083574
  0.00142110501605406  0.00157114687242563  0.00177910994735093  0.00187622762709111
  0.00196827553091971  0.00207009742620318  0.00218244186250070  0.00230718971962716
  0.00245912131615401  0.00264536742171908  0.00284592235925784  0.00303893236293393
  0.00320304893154073  0.00339366107470451  0.00360252439107029  0.00383416537419095
  0.00406505795917841  0.00429077620159698  0.00451097964452166  0.00474237220678680
  0.00498937072406823  0.00522873963397385  0.00549661997503954  0.00578619444093384
  0.00608627983761410  0.00638616123475186  0.00668828772995706  0.00699865900959374
  0.00732483532643462  0.00763790172110086  0.00796540199297583  0.00832547425123037
  0.00868369940711080  0.00906714069665835  0.00947741724165874  0.00993035853846768
  0.01039570511053932  0.01086550400221323  0.01134103796536359  0.01180871123484010
  0.01227078693777832  0.01273296484758032  0.01319557747694644  0.01366674940998272
  0.01415594589497050  0.01465077563332025  0.01513437590161148  0.01559780238187470
  0.01606608620370060  0.01653987248529829  0.01703208835614308  0.01755303106704933
  0.01809732616596978  0.01867819843458078  0.01931242404305172  0.01997481037419330
  0.02069410201052712  0.02146930937369920  0.02228462427530172  0.02319043863506916
  0.02415412532627425  0.02518224084745103  0.02632886650723687  0.02757655287876828
  0.02891973623081580  0.03045376891636267  0.03217934903904562  0.03408169743100273
  0.03621261190456408  0.03862897202015589  0.04139326733943105  0.04456759536652095
  0.04827022197715176  0.05275259247835003  0.05822950626792339  0.06508702736396679
  0.07392801628273593  0.08569404191421066  0.10348662536188610  0.13156701436326398
  0.18345671373286476  0.30698137346560977  0.69410438989702761  1.00000000000000000
 -0.00770952278936798  0.07105158448539212  0.12985037229699348  0.17059408032721746
  0.21398490503290432  0.25522052679324775  0.28940684894141905  0.31879208301477180
  0.34429098643456119  0.36881999104877650  0.38826365218384862  0.40578959835245271
  0.42056912556502135  0.43274293284237297  0.44352081068044674  0.45309190815991490
  0.46249642747923708  0.47160196839845309  0.48050955630989595  0.48894140476942999
  0.49741055717447591  0.50548520948804254  0.51330560525592650  0.52080441431243563
  0.52816253330016072  0.53569328732062882  0.54304932828361552  0.55019010497063781
  0.55714158719346762  0.56424517042266464  0.57118106881130137  0.57811101666818476
  0.58492890911428863  0.59181323725077095  0.59877589558808109  0.60560757585174296
  0.61212865236672898  0.61834673839754495  0.62444929784629155  0.63056754412274496
  0.63677613006231837  0.64293574244791207  0.64891202096646394  0.65479260908981840
  0.66070330827615076  0.66664557648398182  0.67270937511973927  0.67882113026418378
  0.68503395690599056  0.69126498045710105  0.69761189998973061  0.70388184723479386
  0.71003138950902389  0.71621232192010253  0.72233943663609701  0.72852476583878512
  0.73489140382309126  0.74162242017648616  0.74846784451222148  0.75522097632481267
  0.76177812849310034  0.76780471554233642  0.77406729998842283  0.78032943383849496
  0.78659959894598697  0.79294007558335655  0.79911691130273710  0.80539279311466339
  0.81169588814232918  0.81791678594939576  0.82416710428372275  0.83048060598623286
  0.83681222713699921  0.84324176740238455  0.84980067093360301  0.85650736555884877
  0.86328160646657837  0.86992978064113036  0.87650806688019356  0.88311363984120883
  0.88979171946796320  0.89661361069001355  0.90358679335355063  0.91058995416218946
  0.91749806460456829  0.92426984038970550  0.93112126163256193  0.93825089538193474
  0.94591499515877397  0.95379758653284619  0.96163222082162780  0.96944989701990747
  0.97714732570387275  0.98478362311824852  0.99249130829616472  1.00000000000000000
 -0.00199641663416088  0.00963560846291711  0.01958362977002008  0.02991568237328998
  0.04022187840223895  0.05059668423733814  0.06138549204742497  0.07247403350178301
  0.08389948770577338  0.09570514201365564  0.10692517170097429  0.11741495017678565
  0.12786630913306032  0.13841983263543062  0.14871162390435458  0.15972816225021344
  0.17083915045905157  0.18239663787282598  0.19314633133301087  0.20356400818812423
  0.21411836299278886  0.22411749075727783  0.23424414303407576  0.24445113519074463
  0.25523769960219195  0.26629246423647840  0.27709090804250980  0.28735487783216607
  0.29740107913506370  0.30716585819011333  0.31706407115536378  0.32726317792138421
  0.33756421051816787  0.34782336126579821  0.35812456665195636  0.36859090409130291
  0.37937153496966786  0.39016898155465907  0.40051867746252923  0.41051955301872572
  0.42059378159001815  0.43107677441134756  0.44173286186215927  0.45189986838964274
  0.46190155005825928  0.47175091058060298  0.48163904536675417  0.49176678054782685
  0.50194420466740797  0.51248654727535226  0.52342931900619794  0.53510540933552120
  0.54636674533854912  0.55684295888140456  0.56759217555139430  0.57838085144474294
  0.58881811058978528  0.59903136999665108  0.60933199302462648  0.61973393763681039
  0.62986851708343672  0.63967076084750285  0.64951278182057748  0.65916708401607726
  0.66888382647980371  0.67877445673488856  0.68880716395213459  0.69903741839058442
  0.70930611089150952  0.71966552003886985  0.73015130536288742  0.74102050593785884
  0.75222861233688720  0.76389573414698708  0.77514540916565910  0.78609084070194690
  0.79671187387473363  0.80775642022280925  0.81849890663710656  0.82935886152308547
  0.84045744470145090  0.85238529311313671  0.86316980750355565  0.87384350153410861
  0.88446230633734158  0.89484863351120858  0.90484724480845513  0.91516394980005966
  0.92650549412265848  0.93798257305918842  0.94865796693780446  0.95917218881324551
  0.96929162890007659  0.97985124880507679  0.98992423064880175  1.00000000000000000
 -0.00246131216685424  0.01052845026550592  0.02094486809964863  0.03160692937347780
  0.04177805657142796  0.05234487488599134  0.06285197800267707  0.07394325836459660
  0.08493517526518486  0.09515931526637572  0.10514200876259545  0.11504006179526111
  0.12523970750043950  0.13550088802342905  0.14545854169838734  0.15540771382176630
  0.16544709259055312  0.17622909967874303  0.18761105228549943  0.19905864612294832
  0.21031767658718631  0.22173450360139979  0.23367476706790793  0.24532338272889903
  0.25641294939427012  0.26639127662228890  0.27629763665288526  0.28643846110701676
  0.29689440946533341  0.30768841417125975  0.31849652955288810  0.32965916724079652
  0.34077648493647145  0.35177552926311101  0.36293398485455253  0.37390030594171686
  0.38493794460833120  0.39614336205150197  0.40768058486442665  0.41903918679182645
  0.42987427870640543  0.44046973042805171  0.45139087737207279  0.46185114351640499
  0.47191555261022888  0.48205643192028785  0.49231625887784047  0.50273333857749469
  0.51281144104306942  0.52291595072883845  0.53302417866125318  0.54324447921391439
  0.55358878464482919  0.56402491301830493  0.57436649138452323  0.58439491296527002
  0.59391439038713922  0.60323921145555592  0.61295819435788323  0.62283166612050478
  0.63327914284656628  0.64382817095709821  0.65472214144910135  0.66541169718024906
  0.67663988781899709  0.68803870614297324  0.69934577508399565  0.71027985426727203
  0.72106276835682481  0.73158458540733995  0.74195454109765380  0.75262649026626927
  0.76373815122192157  0.77443150907091896  0.78480027434233901  0.79479081641469651
  0.80449499138079272  0.81440160375001291  0.82452469490829516  0.83466200102397170
  0.84499414725293454  0.85555107699062338  0.86592762681406910  0.87591515750597559
  0.88569710160121840  0.89570286713931668  0.90590163734844020  0.91601519282262089
  0.92684170775832930  0.93767489915757118  0.94848965795107365  0.95938032519036842
  0.97067233469960168  0.98104861146017608  0.99063000816159863  1.00000000000000000
  0.12312284044202419       -1.0000000000000000     
 T T T T T T T T T T T T T T T T T T T T T T T T T T T T T T T T F F F F F F F F F F F F F F F F F F F F F F F F F F F F F F F F
  <DiscreteSampler_grid>
  grouped_processes
  1 # 1 for a reference and 2 for a running grid.
  10 # Attribute 'min_bin_probing_points' of the grid.
  1 # Attribute 'grid_mode' of the grid. 1=='default',2=='initialization'
  0.0000000000000000 # Attribute 'small_contrib_threshold' of the grid.
  0.5000000000000000 # Attribute 'damping_power' of the grid.
 # binID   n_entries weight   weight_sqr   abs_weight
    10   10   1.557253805516384E+011   7.497421252741452E+022   1.557253805516384E+011
  </DiscreteSampler_grid>
