  0.00000006676032456  0.00000010089754233  0.00000012654502420  0.00000015379229908
  0.00000018500704165  0.00000022038195727  0.00000026010786515  0.00000030544890341
  0.00000035804566795  0.00000041673678640  0.00000048134955901  0.00000055302231044
  0.00000063304857509  0.00000072839713723  0.00000084420062754  0.00000098176848915
  0.00000114276354426  0.00000132432376897  0.00000154322958046  0.00000181439955155
  0.00000214450635279  0.00000253541824488  0.00000295510359270  0.00000340691518121
  0.00000391491718768  0.00000448530900612  0.00000517182610581  0.00000597759475666
  0.00000687956745744  0.00000798329736525  0.00000935377741165  0.00001096445606612
  0.00001278977347649  0.00001483566037655  0.00001715161073378  0.00001992577387020
  0.00002326495733729  0.00002713821486439  0.00003166979588242  0.00003673532877290
  0.00004243098087524  0.00004884938155551  0.00005617566716612  0.00006423104187830
  0.00007378118958411  0.00008541675456137  0.00009951483026382  0.00011663246937446
  0.00013637236114029  0.00015944326731879  0.00018619580615648  0.00021738799338178
  0.00025075894134768  0.00028987940707969  0.00033413759825184  0.00038601319249296
  0.00044957778049176  0.00052470199115545  0.00061087099598586  0.00071207544638670
  0.00083308877563510  0.00096755147507744  0.00112766916039097  0.00131489211747564
  0.00152891200214893  0.00178284369109631  0.00207674871704752  0.00240827817465605
  0.00278321352937651  0.00321937116166885  0.00372510722484393  0.00431249722003452
  0.00499573680610156  0.00578424687997004  0.00669164527240218  0.00772657657544026
  0.00893012811417479  0.01031309033113219  0.01192372367025476  0.01390439665469590
  0.01618652194301666  0.01869416549182860  0.02125184204911347  0.02401765777122369
  0.02722602993175004  0.03121027771101087  0.03630576130557016  0.04274106645767101
  0.05067500608946009  0.06075393321614506  0.07373823830963087  0.09172337139961810
  0.12575356448544572  0.20598837800489977  0.50071886595438508  1.00000000000000000
  0.00048980647769971  0.00051928755696108  0.00055623320294176  0.00060222150611765
  0.00065634167950872  0.00072184691165552  0.00077717778117047  0.00087945005406225
  0.00096389832388046  0.00102377626899045  0.00110715664002102  0.00120312675878378
  0.00134226341056206  0.00149737972032175  0.00160456770415716  0.00168742321079005
  0.00176407624675095  0.00184102201746835  0.00202716811430676  0.00220488610893451
  0.00238169493685115  0.00257347205173057  0.00269297197054237  0.00281856914238533
  0.00294849458712869  0.00308147309099078  0.00323622305775878  0.00339696313340868
  0.00355612058961633  0.00370614302748564  0.00387185267725699  0.00408509702860588
  0.00435677352448157  0.00468803453223545  0.00503385322970341  0.00538592825288593
  0.00574206530869932  0.00608390908741654  0.00638045519988700  0.00671877409514542
  0.00702936426577197  0.00736108242022582  0.00771068504332355  0.00806811696909929
  0.00843766234870712  0.00880339959276061  0.00921789086132733  0.00968929194425174
  0.01014943913311533  0.01057886682539102  0.01099795631981990  0.01143730509315717
  0.01189851956192677  0.01236344931636736  0.01284010688560503  0.01332223263587586
  0.01381928302668299  0.01433616167075714  0.01484450479180654  0.01533861711726637
  0.01581930814160152  0.01629660595932089  0.01678396152144093  0.01730411584666077
  0.01786425643143624  0.01844217654991941  0.01910234251801837  0.01976231987225891
  0.02049418024874559  0.02127990190474687  0.02210541026450157  0.02300031977379382
  0.02397663894997754  0.02501995340734157  0.02617544996268949  0.02741439711719046
  0.02876824432495985  0.03028606827079660  0.03197820679338358  0.03382735827903443
  0.03591085383658440  0.03828584154488852  0.04099290121051746  0.04411844342807887
  0.04781000227016232  0.05219618483605227  0.05758701517506969  0.06437665469574358
  0.07307380996840494  0.08464779317636940  0.10198641762968065  0.12799713921801528
  0.17597109278820253  0.28777808992784404  0.71507453533354248  1.00000000000000000
 -0.00630200568772854  0.06456812401160145  0.10691136602425848  0.14970672665635726
  0.19526637512597098  0.23100813790235811  0.26174578597964848  0.29241567717982508
  0.31756504053157697  0.33803912018987575  0.36000569618069528  0.37993587531221445
  0.39612592946850667  0.41019969873720047  0.42343827191651873  0.43599269223974413
  0.44739779134659347  0.45828281835917245  0.46740537993691572  0.47669620599270268
  0.48580314740924790  0.49472404253585361  0.50322511859869368  0.51182669142651305
  0.52042937654551991  0.52850326350759702  0.53634379885799255  0.54406967980952159
  0.55149073175862251  0.55861052756399432  0.56526648147030456  0.57172002894978913
  0.57843105168507092  0.58538110201213567  0.59190377099007763  0.59820542710175950
  0.60443477632127041  0.61069637897386941  0.61704277069575808  0.62358202815798425
  0.63036447658906680  0.63724093852190100  0.64415421178996235  0.65115270467724884
  0.65822185568129266  0.66538194783134552  0.67197247355352197  0.67861406426923154
  0.68519930535315154  0.69154188687184892  0.69765667087389038  0.70363786325399313
  0.70967398989656616  0.71577993574620402  0.72186317750083839  0.72786275213650820
  0.73399115166295359  0.74060421953143063  0.74715518852329221  0.75343257472812830
  0.75948953274243902  0.76538173128275167  0.77163015080954989  0.77799026595473664
  0.78455638044776721  0.79116951373670752  0.79754961086472143  0.80374816337182275
  0.80990016698878053  0.81611033807102240  0.82248651569895492  0.82881018994467592
  0.83529439938715921  0.84204973403730077  0.84899490799176547  0.85588534695619756
  0.86269984789384657  0.86960586506961624  0.87660858852352119  0.88386535007944222
  0.89094243626330960  0.89803294771144404  0.90512135802604243  0.91224385755336557
  0.91957392467328458  0.92688567489077767  0.93424934960918660  0.94151286753906305
  0.94875299590780104  0.95604164263645020  0.96345867715652578  0.97098732274678512
  0.97842491337084148  0.98574974792525460  0.99287074573582934  1.00000000000000000
 -0.00261553847390390  0.01000954293242816  0.02092884972425309  0.03162777578646200
  0.04242690087325661  0.05296979399364624  0.06334101767969839  0.07360572609651785
  0.08393289541031344  0.09514668568173444  0.10617285355267191  0.11710521352667909
  0.12804219168645106  0.13914964850086570  0.14993110459917766  0.16037119588925236
  0.17104381503566879  0.18204714406523093  0.19264027105801448  0.20283675315458902
  0.21317686974347158  0.22320669601986481  0.23287685275906392  0.24217996730449767
  0.25189085404063999  0.26268094606104692  0.27351498280079795  0.28441680088798832
  0.29524900491668649  0.30576294224937689  0.31562935072944032  0.32501871644897851
  0.33450270512471802  0.34463608812980440  0.35542829297401912  0.36631887948191777
  0.37745242917276589  0.38869566813865541  0.39972207457540904  0.41053418337983316
  0.42130672416456244  0.43188900209336684  0.44248465501032724  0.45324019157940598
  0.46400732849303339  0.47498419690121141  0.48562615680208326  0.49626952051207984
  0.50630785763973729  0.51624858234726245  0.52640070118397586  0.53683142844977150
  0.54718645207783778  0.55747847158923169  0.56769750642271011  0.57803013960194238
  0.58830607840718674  0.59844784437996112  0.60857342306188844  0.61814520399390105
  0.62773305197717588  0.63745196559165362  0.64754868808728905  0.65767537688158817
  0.66784649998806567  0.67831926798079334  0.68903072171783009  0.69980998663702498
  0.71059671398464974  0.72156308023168747  0.73248906321355967  0.74331602749379189
  0.75415147685763650  0.76490223903317478  0.77537730692422990  0.78561682963926005
  0.79589019238682412  0.80625597996639109  0.81680192419961906  0.82736031659018028
  0.83807412433097916  0.84863057776995765  0.85914889750252599  0.86938480252075012
  0.87944468872127401  0.88953609047041415  0.90022851696306228  0.91216093159679612
  0.92374486686178470  0.93512945230373801  0.94648328912396240  0.95805118148471202
  0.96799976695650192  0.97818302228066312  0.98856472237456205  1.00000000000000000
 -0.00213070914691175  0.00986011452230289  0.02042804447336778  0.03088461383269719
  0.04076300006583098  0.05046804950275054  0.06015938590580470  0.06995408267152467
  0.07918205707259998  0.08860554287260122  0.09809537614810836  0.10790193069104732
  0.11771425686764816  0.12784431215624317  0.13864766478476803  0.15009088473327975
  0.16152614940612581  0.17292891615033240  0.18386518407745167  0.19551416862984314
  0.20728527003621572  0.21982443368246815  0.23158351744077524  0.24279297454655185
  0.25361216626277477  0.26407478875321355  0.27451198828678414  0.28500567659730724
  0.29554068511724646  0.30653242249494667  0.31783219197283269  0.32936979664310984
  0.34048166707469374  0.35156334294800518  0.36223078754749094  0.37267873498804382
  0.38299847727092523  0.39371932630443329  0.40454494477047143  0.41476830577496387
  0.42511376619897984  0.43590623943620971  0.44698813558421086  0.45806477147655489
  0.46917151715098981  0.48045225961908045  0.49144206104255106  0.50185833674122360
  0.51218895085736882  0.52235159564274847  0.53256425478779812  0.54299633837138683
  0.55324411462358192  0.56330900923928595  0.57285967952766592  0.58255288830617380
  0.59266191387898015  0.60249340993196610  0.61269787960133559  0.62273625906734320
  0.63342316752816863  0.64361170593596528  0.65365822751902092  0.66354228135141435
  0.67434372506428397  0.68495374464847669  0.69535356165775486  0.70559284715243487
  0.71628618530362620  0.72713781528357990  0.73796923814327675  0.74838788206278584
  0.75877477898528567  0.76937327551393941  0.77989217578481995  0.79010238548010081
  0.80004955833424884  0.81016023612592458  0.82054342722334339  0.83130556187909077
  0.84211199064740161  0.85357724543044655  0.86514881039211355  0.87657164551859168
  0.88747926826716084  0.89818010466515896  0.90881267324760451  0.91948830636507517
  0.92998525106963570  0.94044016248226281  0.95023997052109099  0.95966520572871450
  0.96978982628066857  0.97965995042643139  0.98996083956591852  1.00000000000000000
  0.22624527584100615       -1.0000000000000000     
 T T T T T T T T T T T T T T T T T T T T T T T T T T T T T T T T F F F F F F F F F F F F F F F F F F F F F F F F F F F F F F F F
  <DiscreteSampler_grid>
  grouped_processes
  1 # 1 for a reference and 2 for a running grid.
  10 # Attribute 'min_bin_probing_points' of the grid.
  1 # Attribute 'grid_mode' of the grid. 1=='default',2=='initialization'
  0.0000000000000000 # Attribute 'small_contrib_threshold' of the grid.
  0.5000000000000000 # Attribute 'damping_power' of the grid.
 # binID   n_entries weight   weight_sqr   abs_weight
    10   10   1.694904054967278E+012   1.302258202415039E+025   1.694904054967278E+012
  </DiscreteSampler_grid>
