  0.00000005240603869  0.00000009399287843  0.00000011476471434  0.00000014022676065
  0.00000017157687281  0.00000020948578702  0.00000025067841222  0.00000029463352895
  0.00000034668180298  0.00000040824201693  0.00000047962223487  0.00000056415132952
  0.00000066749251986  0.00000078768740692  0.00000092482265714  0.00000108079486179
  0.00000126378706630  0.00000147576361417  0.00000171756630100  0.00000198861626560
  0.00000229842429855  0.00000264358544114  0.00000301172790618  0.00000344836152678
  0.00000395883673252  0.00000457607512083  0.00000532224749810  0.00000618691651568
  0.00000716006089267  0.00000829673997109  0.00000959867267509  0.00001114763056295
  0.00001303850399174  0.00001525192820244  0.00001782682341374  0.00002082558217863
  0.00002425400505888  0.00002826841317589  0.00003279546614246  0.00003788178795704
  0.00004359878935668  0.00005009580331321  0.00005761205303347  0.00006646355277486
  0.00007692426129182  0.00008903605118297  0.00010279563166050  0.00011825591792233
  0.00013589598585579  0.00015647918996259  0.00018265581856748  0.00021533272674847
  0.00025222826864623  0.00029284864092712  0.00033765078505464  0.00038672088096995
  0.00044574118433963  0.00051426884461930  0.00059023991098363  0.00068808077973497
  0.00080307264800063  0.00094393116104931  0.00111326041348655  0.00129248870745416
  0.00151318319037415  0.00176506452865610  0.00205369583891382  0.00237319451128330
  0.00272689112859824  0.00312075172159908  0.00358642774614963  0.00415493162344625
  0.00481615171900786  0.00558664007326799  0.00652005864799127  0.00755523481660437
  0.00876100120018741  0.01014607532816989  0.01173150916282999  0.01355882960104114
  0.01576102220776630  0.01826520225391439  0.02100977504317829  0.02417981558221860
  0.02778921174695524  0.03181412809918432  0.03690202760248819  0.04314394235513624
  0.05079652781592232  0.06059785521979344  0.07354749442511754  0.09155516754146359
  0.12312023596153560  0.20400842706727235  0.50300778960997095  1.00000000000000000
  0.00049059637289197  0.00058500951506880  0.00062801840481183  0.00067660864083201
  0.00072374270754880  0.00077667167977793  0.00084167212897041  0.00091677660033633
  0.00099527732153235  0.00111612399878555  0.00124326322865773  0.00136989701000644
  0.00148415703624779  0.00160530966400897  0.00171712178747629  0.00182476618917200
  0.00191984764721002  0.00201839595476631  0.00212955460404776  0.00224025676415547
  0.00240186617463626  0.00254704791764361  0.00269578202534364  0.00285277090424736
  0.00301630914979187  0.00318805000531691  0.00337254820266732  0.00357045639525148
  0.00378441255614522  0.00401745229583679  0.00427480249648179  0.00454526785783940
  0.00480460500444224  0.00504997096112919  0.00528419135868815  0.00551350584738626
  0.00574141678992676  0.00599104784684916  0.00625175630106623  0.00653570210224024
  0.00682036273803341  0.00711981475711868  0.00741779839743879  0.00774378863759837
  0.00809169694961506  0.00844466264917648  0.00882139672745583  0.00925973898288368
  0.00977484567481046  0.01034527933292747  0.01090026146572106  0.01143780011825238
  0.01201058705588135  0.01259252916839883  0.01317375264018978  0.01373217538499102
  0.01425817030854900  0.01476462913121425  0.01524030567672842  0.01569670667029145
  0.01615138266795348  0.01661876144426579  0.01711479829592570  0.01764292955838824
  0.01820365910341880  0.01881573136407680  0.01947213802177300  0.02016583977000247
  0.02089142777664585  0.02164806645442088  0.02246007091314244  0.02333117554729032
  0.02426181349087230  0.02528328452710625  0.02640048659205769  0.02762401821400818
  0.02897719340754554  0.03044868583592730  0.03207600012633480  0.03392571342159912
  0.03603646235031269  0.03846133605566016  0.04127145359388563  0.04453409815932843
  0.04826252575522378  0.05270062243193061  0.05808825274422075  0.06482127292410005
  0.07346429880887911  0.08485209944918563  0.10166477194412799  0.12752370492398790
  0.17673891820492296  0.28917193796354934  0.70035684411988230  1.00000000000000000
 -0.00697311206397233  0.10990173207200105  0.16480916585021538  0.20735226525858358
  0.24449084705425944  0.27628639517430281  0.30623811728312922  0.33230270446535554
  0.35535342825842531  0.37379738061198259  0.39021446573321916  0.40584430685171075
  0.42101231686532636  0.43595060561820043  0.44966130708482077  0.46234395929255906
  0.47301632644699576  0.48236471012578958  0.49044065742983523  0.49830118111893423
  0.50613584698709480  0.51394415340603650  0.52111956814032412  0.52832234636703734
  0.53547752186210429  0.54277749294399669  0.54987800988815549  0.55665150214828574
  0.56323222900480008  0.56973054271642887  0.57629607308970054  0.58319811851176306
  0.59024521549656284  0.59743255628040992  0.60430634359622326  0.61102751271191846
  0.61795410237293513  0.62510152434790323  0.63195151443156927  0.63833982647943521
  0.64441054165211964  0.65032574442133373  0.65631992546727391  0.66247695943373874
  0.66855266352379972  0.67448058754083218  0.68034332667452802  0.68621968742136041
  0.69232694159747354  0.69861480060185999  0.70502994565957267  0.71160729633684427
  0.71818870864935402  0.72485084519438225  0.73125440990723745  0.73753748657113372
  0.74371802966126832  0.74971244236246537  0.75565086439105145  0.76140948525441221
  0.76722297463209221  0.77289717955698023  0.77870324071548747  0.78464345864993568
  0.79083757048341952  0.79707699179523639  0.80318972651256537  0.80925715543618837
  0.81544871328897828  0.82172932623652406  0.82796963228305920  0.83420134341560215
  0.84056082765716633  0.84707307709419055  0.85379646157310585  0.86070415311571591
  0.86762608823616616  0.87450031864313649  0.88145906862001833  0.88848948131419536
  0.89542355666691420  0.90231910990492958  0.90924190023727502  0.91617568952444162
  0.92294288992276519  0.92951318013674167  0.93609372100723653  0.94265541618519877
  0.94936737384737313  0.95622542942742250  0.96326836278155381  0.97040580900242257
  0.97752875071911416  0.98494789775356895  0.99249724683586205  1.00000000000000000
 -0.00260309200166106  0.01082167863094373  0.02207732326571325  0.03336813495933486
  0.04483726532269473  0.05643903380192666  0.06782420563521521  0.07911417125824449
  0.09028291752375084  0.10127872857005484  0.11189221362590747  0.12216703004358603
  0.13265136315830262  0.14345713457352413  0.15456889761005826  0.16559736718299736
  0.17617099215503057  0.18631506990632299  0.19622776908068224  0.20646482950134756
  0.21694399434799583  0.22742367747309072  0.23770278611462428  0.24769249660880069
  0.25804260834702347  0.26832404098098767  0.27919797399185375  0.29003982815725543
  0.30083996043145284  0.31170445258776336  0.32256288451744608  0.33364092236851994
  0.34532567698305155  0.35680291156202959  0.36744257864237473  0.37791920758654940
  0.38871757392273965  0.39926845578776887  0.40904986293144208  0.41852495500627446
  0.42884905470462159  0.43892022534632469  0.44912416525673982  0.45917744259206694
  0.46951618056627853  0.48014880015493733  0.49067823908363883  0.50128722628012212
  0.51142591533206994  0.52130095653193176  0.53109538511878718  0.54093265140619284
  0.55107728795798328  0.56137484787561720  0.57128533543944438  0.58087740775776009
  0.59041695618686851  0.60003261218108761  0.60999550003405212  0.62018269601500042
  0.63062109313298254  0.64108723784874777  0.65133456517369037  0.66143716300262545
  0.67151919846617303  0.68160223900422001  0.69173120889631157  0.70215549468491800
  0.71283638194119880  0.72363636237447404  0.73436218668660391  0.74508641417338839
  0.75605174438040657  0.76685661780154679  0.77781709338447569  0.78860038088817141
  0.79910662290457690  0.80936694520611185  0.81994975172928086  0.83065051613659435
  0.84090468058536427  0.85089745745787837  0.86122715749161505  0.87179846775272618
  0.88217802299558490  0.89218902813655621  0.90279270886347973  0.91361859255923206
  0.92470918130964519  0.93599091283110680  0.94717759049138628  0.95844865968424831
  0.96876402019063712  0.97961045475534236  0.98963613378986526  1.00000000000000000
 -0.00224350147368756  0.00968242891172590  0.01975340314663106  0.03014014963236969
  0.04044823216804354  0.05090981391780283  0.06129942126968192  0.07167932249471065
  0.08195016090562721  0.09212417966820319  0.10221820880947237  0.11216684681827904
  0.12164716712000366  0.13111117388011542  0.14067450766995337  0.15072832800132210
  0.16081633125210823  0.17100825547179727  0.18164844390458018  0.19236148846985687
  0.20302182788549997  0.21401417052858349  0.22474194216640320  0.23580745415397769
  0.24681679740423215  0.25780608577105657  0.26897090106960225  0.27993019235692573
  0.29099379375424722  0.30201677652788478  0.31277977751845432  0.32293510242214268
  0.33291178636265073  0.34223268474872431  0.35171978627963435  0.36134161329172110
  0.37112559445740673  0.38095042289403502  0.39089406432441187  0.40138780482718217
  0.41237092253583979  0.42310041207944532  0.43356310442013535  0.44400927793105655
  0.45434794068443352  0.46456233570342281  0.47475693533363261  0.48507639184566709
  0.49554635641377209  0.50601688411111079  0.51669246311460859  0.52748140761694284
  0.53823333195580803  0.54914519771995696  0.56021907751059818  0.57125932847560879
  0.58213369549314387  0.59306641601499266  0.60391785480832538  0.61466102399402589
  0.62533739693795198  0.63641373694105163  0.64750684541632575  0.65808986732436259
  0.66805121354350294  0.67772567823284535  0.68740142194796439  0.69733567622043691
  0.70733796268512117  0.71753993908083868  0.72793557715706003  0.73860753173721938
  0.74944138083149003  0.76001409415117260  0.77040414929540957  0.78074805141046999
  0.79119361428419033  0.80192784453348120  0.81287412294457584  0.82392149634428857
  0.83505860833254542  0.84652686104292174  0.85821422246289092  0.87025393839151344
  0.88220757951892514  0.89381062731205696  0.90506008970431473  0.91609434333592232
  0.92717929699074053  0.93812397566703276  0.94893049215258041  0.95955665263743239
  0.96992010697040953  0.97972715389597376  0.98974143611912502  1.00000000000000000
  0.12591240029156808       -1.0000000000000000     
 T T T T T T T T T T T T T T T T T T T T T T T T T T T T T T T T F F F F F F F F F F F F F F F F F F F F F F F F F F F F F F F F
  <DiscreteSampler_grid>
  grouped_processes
  1 # 1 for a reference and 2 for a running grid.
  10 # Attribute 'min_bin_probing_points' of the grid.
  1 # Attribute 'grid_mode' of the grid. 1=='default',2=='initialization'
  0.0000000000000000 # Attribute 'small_contrib_threshold' of the grid.
  0.5000000000000000 # Attribute 'damping_power' of the grid.
 # binID   n_entries weight   weight_sqr   abs_weight
    10   10   4.150211482896979E+011   1.004569484536402E+024   4.150211482896979E+011
  </DiscreteSampler_grid>
