  0.00000005758614979  0.00000009212089628  0.00000012161872206  0.00000014832851518
  0.00000017581672169  0.00000020527172672  0.00000023864668427  0.00000027855310508
  0.00000032595524493  0.00000038520721070  0.00000045804176293  0.00000054304468583
  0.00000063931737520  0.00000074591045265  0.00000086434610300  0.00000099662989744
  0.00000115007758945  0.00000132945497898  0.00000154139744211  0.00000178850395315
  0.00000206731324634  0.00000240244650125  0.00000280199067647  0.00000322322138611
  0.00000374557774944  0.00000429656431864  0.00000494335555014  0.00000571321582926
  0.00000661193525865  0.00000766901276276  0.00000887869283235  0.00001027857985429
  0.00001188457817550  0.00001381695090250  0.00001614508661501  0.00001893597707170
  0.00002208207314867  0.00002560442903075  0.00002971975318515  0.00003466228118660
  0.00004046045664328  0.00004700468579495  0.00005425708948452  0.00006237359562499
  0.00007185204961822  0.00008338006448282  0.00009703860462643  0.00011207734650537
  0.00012916476696664  0.00014925424014403  0.00017188719628198  0.00019837375304560
  0.00023174823575721  0.00027280049999729  0.00031862056221792  0.00037032050626069
  0.00042871355791602  0.00049418880282264  0.00057234403312585  0.00066532879457633
  0.00077772497039653  0.00091319600572211  0.00106810770194638  0.00124181727998891
  0.00142924231695072  0.00164504172895500  0.00188971629584964  0.00216615100937731
  0.00249061294868839  0.00287884139080568  0.00332125259947644  0.00383170154002309
  0.00444127084102187  0.00522399425879847  0.00611029957289321  0.00716630491822380
  0.00838992223927257  0.00977854944100028  0.01142933257898214  0.01325781672283568
  0.01531621855938434  0.01763121626425308  0.02025049045404647  0.02336384410498363
  0.02706897449765203  0.03148153486681248  0.03686599367860548  0.04332628352970102
  0.05136959411017489  0.06183284049950884  0.07565552672582287  0.09449640604536329
  0.12777749481346051  0.21377088596674115  0.49995703080357545  1.00000000000000000
  0.00074328541415040  0.00086838629552335  0.00093683083684775  0.00100532124315103
  0.00108217455902674  0.00120072118162148  0.00131208516827431  0.00138391099208694
  0.00145867621961627  0.00153890504028988  0.00167703028014070  0.00182880953940710
  0.00197424173863068  0.00215410728982900  0.00229044334237858  0.00242403965486158
  0.00256665905154776  0.00271941273608353  0.00288923616331668  0.00307292279535092
  0.00324028469807031  0.00341003616224429  0.00356276827119181  0.00373318577096716
  0.00390887343094267  0.00410413782373509  0.00434194351198247  0.00460591871264534
  0.00489218785955250  0.00523089428869100  0.00552231892814625  0.00579219669986803
  0.00605922653573939  0.00631744124101005  0.00658520476568927  0.00688417652303735
  0.00723843187243097  0.00761286111580409  0.00797966377164573  0.00834324061581764
  0.00869887416891021  0.00905008854982903  0.00940059119841953  0.00975940522696166
  0.01011393309472959  0.01046448651768655  0.01082205690464467  0.01118315580932803
  0.01155666274678174  0.01195009089672887  0.01235722423183817  0.01278651259018188
  0.01323393277217343  0.01368820100265374  0.01414899717260266  0.01460640043521217
  0.01505861176113807  0.01549795910778212  0.01596410478780015  0.01643744862574526
  0.01692370384621093  0.01743258334656289  0.01796165243495659  0.01851801746499309
  0.01910868564254763  0.01972920467744556  0.02038667678266430  0.02108453757802750
  0.02181140850439277  0.02263037155981757  0.02348150729328709  0.02439038194635386
  0.02538668159449328  0.02646775852068168  0.02763839293709542  0.02893808611049678
  0.03035874273146719  0.03192157961943245  0.03363989492315621  0.03553016163288753
  0.03767618601159590  0.04016527722685327  0.04304787633000694  0.04636657909238352
  0.05024228175021827  0.05479952582564061  0.06046127060431291  0.06744484333602585
  0.07640003420090664  0.08816522055561629  0.10548357103500117  0.13167629048917204
  0.18025384891327803  0.28831442689447440  0.69620623332648313  1.00000000000000000
 -0.00811708428594521  0.06961092792108436  0.12472039345895358  0.16827866320689536
  0.21807494863863686  0.25837941608114384  0.28700832924190378  0.31084828460978831
  0.33491161687087301  0.35871753923621885  0.37912419215324800  0.39700629939867416
  0.41135041242678561  0.42450328917534935  0.43774557832663036  0.44969425899132454
  0.46121170971803083  0.47210333669305116  0.48234492254166778  0.49191639520719899
  0.50032686168639873  0.50791701104640941  0.51531823160864032  0.52298617543999026
  0.53090111669042117  0.53842662177686074  0.54556157127710103  0.55215365596608557
  0.55870662126101034  0.56548309945600461  0.57227412029859492  0.57896647940286161
  0.58554629549786918  0.59201225105445632  0.59893981144504804  0.60565802092836840
  0.61219497783076826  0.61866528126023124  0.62504545355293650  0.63121426140062120
  0.63753992447449370  0.64403525854796551  0.65051504549993400  0.65670349736350131
  0.66272316414412302  0.66865544264471510  0.67464726934749586  0.68069177182401785
  0.68664981046419715  0.69270953998234541  0.69882633664415494  0.70498988302272214
  0.71127244139181323  0.71765986547519878  0.72412096335435916  0.73067075917175384
  0.73732441301082685  0.74398071280837019  0.75066012378247815  0.75742258676980556
  0.76416149751344675  0.77081923828219778  0.77730090929674378  0.78367274982473822
  0.78995904043255394  0.79614697035340520  0.80225866525463008  0.80833050870205303
  0.81457058702110530  0.82096939089651355  0.82748394820862026  0.83385431879526617
  0.84009987965387933  0.84642384854303465  0.85288191376296618  0.85947820534292529
  0.86623841708126847  0.87312188966362769  0.88011500721000357  0.88705391581129955
  0.89384192173563404  0.90057847569972738  0.90734384281242497  0.91401025481746723
  0.92090403036848190  0.92798140400622076  0.93521946077969842  0.94232830229653741
  0.94949865531557298  0.95658379111613367  0.96382475168870141  0.97097779611774193
  0.97816471405899341  0.98536159181020744  0.99268148201351269  1.00000000000000000
 -0.00218967977338537  0.01131800482066296  0.02181511936119972  0.03205962105011206
  0.04229768283299343  0.05309649271093076  0.06395991511292685  0.07479328058242499
  0.08611150476066315  0.09788477895165365  0.10966490653879468  0.12118486598708567
  0.13237599251239024  0.14328369852357614  0.15400156136175913  0.16445796263701654
  0.17481780296111357  0.18528113769183255  0.19600350404909950  0.20701894605550564
  0.21795950300933736  0.22862483074107576  0.23893189352402924  0.24928520305690566
  0.25984157745163444  0.27032455905431929  0.28059166087653342  0.29057851985726640
  0.30059120775895876  0.31037100135050877  0.32016782708231534  0.32996044107189482
  0.34048691078024906  0.35169678439708868  0.36297715127894736  0.37425156147151489
  0.38508424833241034  0.39570853291159769  0.40573124328461785  0.41579722730478602
  0.42583253079411776  0.43494202168871154  0.44450588205245850  0.45389834781749666
  0.46448935121646223  0.47530816409448567  0.48618613776570552  0.49757458122400144
  0.50942829533387002  0.52110005346257482  0.53207639002579121  0.54241463420714031
  0.55269465056671929  0.56302753560601682  0.57327732787920949  0.58347761750573823
  0.59355130884988050  0.60359977636049711  0.61377803669099029  0.62390507634916048
  0.63481963512817363  0.64523459753875367  0.65542942408696780  0.66570224715830983
  0.67670317291627569  0.68759697636168271  0.69812430950031601  0.70813795290270076
  0.71788713201008880  0.72765866664498779  0.73785213723823351  0.74822953583159613
  0.75850905073266151  0.76897354178017963  0.77959147078527569  0.79061188140065386
  0.80131766911918778  0.81184093124306955  0.82256103813203518  0.83276920680802236
  0.84317141507559867  0.85360539347517883  0.86484985851036489  0.87608726377782542
  0.88683453696485159  0.89791303370989917  0.90828835891514703  0.91851452374888820
  0.92848929244226708  0.93826736800335409  0.94785678033255594  0.95738527593316047
  0.96800221127807473  0.97903585940713200  0.98958131940595151  1.00000000000000000
 -0.00250682134628825  0.00998046517536963  0.02138032566956015  0.03234304029134486
  0.04368625049336270  0.05442229576468859  0.06531886295603719  0.07635947830699910
  0.08761230972010906  0.09899320150244070  0.11078543547692919  0.12223704514681569
  0.13326099797808705  0.14396441623496040  0.15466536659131006  0.16512487997281972
  0.17533697942190249  0.18541328375398411  0.19587856139250864  0.20676954452150154
  0.21822380860758758  0.22993995320711755  0.24165412222026653  0.25354104469150063
  0.26518003350233710  0.27636446186570662  0.28763929066174648  0.29878211999846166
  0.31046322490845402  0.32187356655572752  0.33333134199947217  0.34403905226792608
  0.35450212585604163  0.36511445977736273  0.37583277684258254  0.38639234845555764
  0.39653066851804586  0.40687243763507525  0.41727733634165093  0.42814780468246549
  0.43903835322148066  0.44987140870837378  0.46054837893931971  0.47079791298546614
  0.48164818857255304  0.49291396176400237  0.50391969169368878  0.51452974123310469
  0.52477917261630569  0.53512846434289785  0.54538353741321521  0.55537415226442344
  0.56542822679538396  0.57581050349511298  0.58661756541011600  0.59721284253833684
  0.60736676079091612  0.61722333703771437  0.62707214690557256  0.63683865424798780
  0.64687020096199443  0.65688077613670059  0.66681931780285775  0.67705619481992740
  0.68793112571112225  0.69936326899671175  0.71038127189977818  0.72068628672944046
  0.73058537477584640  0.74029553228246980  0.74992530369275767  0.75964614418976262
  0.76940965685376506  0.77886577668174017  0.78842092002890085  0.79833325333697758
  0.80847356608760546  0.81864359789436725  0.82892572420508492  0.83947624132490073
  0.85022549391105573  0.86099558695225409  0.87169686849717498  0.88211565167376071
  0.89223360648856698  0.90199728670244406  0.91136795971149764  0.92069676697469105
  0.93048075653880657  0.94079803284924157  0.95101788007950572  0.96109732345921017
  0.97117240730899101  0.98092487926296579  0.99053558329065539  1.00000000000000000
  0.12333230053216175       -1.0000000000000000     
 T T T T T T T T T T T T T T T T T T T T T T T T T T T T T T T T F F F F F F F F F F F F F F F F F F F F F F F F F F F F F F F F
  <DiscreteSampler_grid>
  grouped_processes
  1 # 1 for a reference and 2 for a running grid.
  10 # Attribute 'min_bin_probing_points' of the grid.
  1 # Attribute 'grid_mode' of the grid. 1=='default',2=='initialization'
  0.0000000000000000 # Attribute 'small_contrib_threshold' of the grid.
  0.5000000000000000 # Attribute 'damping_power' of the grid.
 # binID   n_entries weight   weight_sqr   abs_weight
    10   10   1.933542007592790E+010   9.626839609498793E+020   1.933542007592790E+010
  </DiscreteSampler_grid>
